0.000000000000000000e+00 1.000000000000000000e+00
6.671064594547491088e-03 9.999777482010163698e-01
1.334183230271825289e-02 9.999109937943507775e-01
2.001200625134806968e-02 9.997997397508142647e-01
2.668128959369715780e-02 9.996439910216122771e-01
3.334938552266092371e-02 9.994437545381235077e-01
4.001599728397893518e-02 9.991990392115920327e-01
4.668082818944156720e-02 9.989098559327301841e-01
5.334358163009367965e-02 9.985762175712344924e-01
6.000396108943479440e-02 9.981981389752124789e-01
6.666167015661515760e-02 9.977756369705218509e-01
7.331641253962703497e-02 9.973087303600220999e-01
7.996789207849086534e-02 9.967974399227371718e-01
8.661581275843534267e-02 9.962417884129312062e-01
9.325987872307121840e-02 9.956418005590956799e-01
9.989979428755793589e-02 9.949975030628487316e-01
1.065352639517626737e-01 9.943089245977471125e-01
1.131659924134111733e-01 9.935760958080099847e-01
1.197916845812297543e-01 9.927990493071552347e-01
1.264120455880779204e-01 9.919778196765478562e-01
1.330267808040710154e-01 9.911124434638612923e-01
1.396355958496923455e-01 9.902029591814505149e-01
1.462381966088940888e-01 9.892494073046383951e-01
1.528342892421864774e-01 9.882518302699143664e-01
1.594235801997148372e-01 9.872102724730457135e-01
1.660057762343235266e-01 9.861247802671017082e-01
1.725805844146064139e-01 9.849954019603913702e-01
1.791477121379435877e-01 9.838221878143125210e-01
1.857068671435230522e-01 9.826051900411161277e-01
1.922577575253473781e-01 9.813444628015816074e-01
1.988000917452247551e-01 9.800400622026071984e-01
2.053335786457432532e-01 9.786920462947128474e-01
2.118579274632285403e-01 9.773004750694564979e-01
2.183728478406838369e-01 9.758654104567645593e-01
2.248780498407118855e-01 9.743869163221755558e-01
2.313732439584181844e-01 9.728650584639980670e-01
2.378581411342949870e-01 9.712999046103822920e-01
2.443324527670855395e-01 9.696915244163062386e-01
2.507958907266278348e-01 9.680399894604754252e-01
2.572481673666773827e-01 9.663453732421374287e-01
2.636889955377086370e-01 9.646077511778112790e-01
2.701180885996941061e-01 9.628272005979306991e-01
2.765351604348608716e-01 9.610038007434027474e-01
2.829399254604239022e-01 9.591376327620816378e-01
2.893320986412953322e-01 9.572287797051568514e-01
2.957113955027698138e-01 9.552773265234575373e-01
3.020775321431845573e-01 9.532833600636713145e-01
3.084302252465538907e-01 9.512469690644801412e-01
3.147691920951778966e-01 9.491682441526101410e-01
3.210941505822244579e-01 9.470472778387992729e-01
3.274048192242838828e-01 9.448841645136794032e-01
3.337009171738960500e-01 9.426790004435765535e-01
3.399821642320490223e-01 9.404318837662257735e-01
3.462482808606489604e-01 9.381429144864044112e-01
3.524989881949606718e-01 9.358121944714810070e-01
3.587340080560179612e-01 9.334398274468820311e-01
3.649530629630035050e-01 9.310259189914757982e-01
3.711558761455980848e-01 9.285705765328736705e-01
3.773421715562975121e-01 9.260739093426494373e-01
3.835116738826979677e-01 9.235360285314759832e-01
3.896641085597482013e-01 9.209570470441804657e-01
3.957992017819688124e-01 9.183370796547182247e-01
4.019166805156376143e-01 9.156762429610647569e-01
4.080162725109404698e-01 9.129746553800264230e-01
4.140977063140874326e-01 9.102324371419707738e-01
4.201607112793934173e-01 9.074497102854759412e-01
4.262050175813230646e-01 9.046265986518990942e-01
4.322303562264986354e-01 9.017632278798654033e-01
4.382364590656714909e-01 8.988597253996766234e-01
4.442230588056555463e-01 8.959162204276397423e-01
4.501898890212227555e-01 8.929328439603165801e-01
4.561366841669600714e-01 8.899097287686942304e-01
4.620631795890871585e-01 8.868470093922755648e-01
4.679691115372343613e-01 8.837448221330925779e-01
4.738542171761806476e-01 8.806033050496397951e-01
4.797182345975506967e-01 8.774225979507305206e-01
4.855609028314706865e-01 8.742028423892747035e-01
4.913819618581824478e-01 8.709441816559794214e-01
4.971811526196153741e-01 8.676467607729718701e-01
5.029582170309152556e-01 8.643107264873454154e-01
5.087128979919300908e-01 8.609362272646285952e-01
5.144449393986519903e-01 8.575234132821781818e-01
5.201540861546145589e-01 8.540724364224956400e-01
5.258400841822460370e-01 8.505834502664676444e-01
5.315026804341759226e-01 8.470566100865315473e-01
5.371416229044972956e-01 8.434920728397645728e-01
5.427566606399816251e-01 8.398899971608995152e-01
5.483475437512467243e-01 8.362505433552641643e-01
5.539140234238784100e-01 8.325738733916474565e-01
5.594558519295032006e-01 8.288601508950914631e-01
5.649727826368134975e-01 8.251095411396088819e-01
5.704645700225428051e-01 8.213222110408285870e-01
5.759309696823933233e-01 8.174983291485665715e-01
5.813717383419122475e-01 8.136380656393253918e-01
5.867866338673185522e-01 8.097415923087201151e-01
5.921754152762787049e-01 8.058090825638334342e-01
5.975378427486313093e-01 8.018407114154979531e-01
6.028736776370601236e-01 7.978366554705080826e-01
6.081826824777143425e-01 7.937970929237595508e-01
6.134646210007769218e-01 7.897222035503200788e-01
6.187192581409793890e-01 7.856121686974280038e-01
6.239463600480631422e-01 7.814671712764220679e-01
6.291456940971861256e-01 7.772873957546011514e-01
6.343170288992762140e-01 7.730730281470146181e-01
6.394601343113284209e-01 7.688242560081841592e-01
6.445747814466471493e-01 7.645412684237568035e-01
6.496607426850327105e-01 7.602242560020903150e-01
6.547177916829106659e-01 7.558734108657697570e-01
6.597457033834056572e-01 7.514889266430579973e-01
6.647442540263567290e-01 7.470709984592779351e-01
6.697132211582754735e-01 7.426198229281296692e-01
6.746523836422466669e-01 7.381355981429393864e-01
6.795615216677685089e-01 7.336185236678439692e-01
6.844404167605361300e-01 7.290688005289099882e-01
6.892888517921637037e-01 7.244866312051868595e-01
6.941066109898479386e-01 7.198722196196960521e-01
6.988934799459702862e-01 7.152257711303554588e-01
7.036492456276391971e-01 7.105474925208407067e-01
7.083736963861708702e-01 7.058375919913822960e-01
7.130666219665080519e-01 7.010962791494996793e-01
7.177278135165773287e-01 6.963237650006735002e-01
7.223570635965840259e-01 6.915202619389548833e-01
7.269541661882436001e-01 6.866859837375126618e-01
7.315189167039506390e-01 6.818211455391204323e-01
7.360511119958833559e-01 6.769259638465817686e-01
7.405505503650443577e-01 6.720006565130943743e-01
7.450170315702376866e-01 6.670454427325559488e-01
7.494503568369792479e-01 6.620605430298082128e-01
7.538503288663437329e-01 6.570461792508236476e-01
7.582167518437449294e-01 6.520025745528317263e-01
7.625494314476500834e-01 6.469299533943884128e-01
7.668481748582280932e-01 6.418285415253862647e-01
7.711127907659302005e-01 6.366985659770082462e-01
7.753430893800048462e-01 6.315402550516237001e-01
7.795388824369430258e-01 6.263538383126281417e-01
7.836999832088573648e-01 6.211395465742272082e-01
7.878262065117922486e-01 6.158976118911639874e-01
7.919173687139644535e-01 6.106282675483922784e-01
7.959732877439361642e-01 6.053317480506941184e-01
7.999937830987174925e-01 6.000082891122440198e-01
8.039786758517994958e-01 5.946581276461182508e-01
8.079277886611173631e-01 5.892815017537518241e-01
8.118409457769419912e-01 5.838786507143417515e-01
8.157179730497025050e-01 5.784498149741987838e-01
8.195586979377358361e-01 5.729952361360459712e-01
8.233629495149655808e-01 5.675151569482670411e-01
8.271305584785091369e-01 5.620098212941030402e-01
8.308613571562116773e-01 5.564794741807984613e-01
8.345551795141089579e-01 5.509243617286980754e-01
8.382118611638157413e-01 5.453447311602929171e-01
8.418312393698419438e-01 5.397408307892185286e-01
8.454131530568349540e-01 5.341129100092044668e-01
8.489574428167482312e-01 5.284612192829741817e-01
8.524639509159350759e-01 5.227860101310997099e-01
8.559325213021689027e-01 5.170875351208074067e-01
8.593629996115875747e-01 5.113660478547383814e-01
8.627552331755636850e-01 5.056218029596614150e-01
8.661090710274985671e-01 4.998550560751421901e-01
8.694243639095405873e-01 4.940660638421655038e-01
8.727009642792282751e-01 4.882550838917144032e-01
8.759387263160561821e-01 4.824223748333043016e-01
8.791375059279642468e-01 4.765681962434742402e-01
8.822971607577506648e-01 4.706928086542346290e-01
8.854175501894070432e-01 4.647964735414726323e-01
8.884985353543767284e-01 4.588794533133155884e-01
8.915399791377345284e-01 4.529420112984528513e-01
8.945417461842891660e-01 4.469844117344168866e-01
8.975037029046067927e-01 4.410069197558234566e-01
9.004257174809562336e-01 4.350098013825725030e-01
9.033076598731756279e-01 4.289933235080090057e-01
9.061494018244593551e-01 4.229577538870455400e-01
9.089508168670660249e-01 4.169033611242459192e-01
9.117117803279468635e-01 4.108304146618717012e-01
9.144321693342941648e-01 4.047391847678906696e-01
9.171118628190091382e-01 3.986299425239491767e-01
9.197507415260901542e-01 3.925029598133079056e-01
9.223486880159403878e-01 3.863585093087422151e-01
9.249055866705936380e-01 3.801968644604070136e-01
9.274213236988599895e-01 3.740182994836674379e-01
9.298957871413903176e-01 3.678230893468953377e-01
9.323288668756583020e-01 3.616115097592318417e-01
9.347204546208616183e-01 3.553838371583177280e-01
9.370704439427408605e-01 3.491403486979907100e-01
9.393787302583158638e-01 3.428813222359511359e-01
9.416452108405406474e-01 3.366070363213962691e-01
9.438697848228744247e-01 3.303177701826240376e-01
9.460523532037710126e-01 3.240138037146061967e-01
9.481928188510847511e-01 3.176954174665320152e-01
9.502910865063929347e-01 3.113628926293228738e-01
9.523470627892354212e-01 3.050165110231182752e-01
9.543606562012704186e-01 2.986565550847337658e-01
9.563317771303460058e-01 2.922833078550914898e-01
9.582603378544890527e-01 2.858970529666238769e-01
9.601462525458082098e-01 2.794980746306510722e-01
9.619894372743145183e-01 2.730866576247323319e-01
9.637898100116555344e-01 2.666630872799923835e-01
9.655472906347670747e-01 2.602276494684234720e-01
9.672618009294378094e-01 2.537806305901627035e-01
9.689332645937910327e-01 2.473223175607462687e-01
9.705616072416796136e-01 2.408529977983407955e-01
9.721467564059972366e-01 2.343729592109521087e-01
9.736886415419027108e-01 2.278824901836123407e-01
9.751871940299596808e-01 2.213818795655456695e-01
9.766423471791908506e-01 2.148714166573135742e-01
9.780540362300453872e-01 2.083513911979399391e-01
9.794221983572813928e-01 2.018220933520165350e-01
9.807467726727615576e-01 1.952838136967896820e-01
9.820277002281631029e-01 1.887368432092285664e-01
9.832649240176011274e-01 1.821814732530756820e-01
9.844583889801653553e-01 1.756179955658800917e-01
9.856080420023709543e-01 1.690467022460140079e-01
9.867138319205220887e-01 1.624678857396734954e-01
9.877757095229888762e-01 1.558818388278634670e-01
9.887936275523971918e-01 1.492888546133678274e-01
9.897675407077324294e-01 1.426892265077055189e-01
9.906974056463550005e-01 1.360832482180724390e-01
9.915831809859295687e-01 1.294712137342705904e-01
9.924248273062665771e-01 1.228534173156244219e-01
9.932223071510765111e-01 1.162301534778851231e-01
9.939755850296368989e-01 1.096017169801237756e-01
9.946846274183719361e-01 1.029684028116134437e-01
9.953494027623441820e-01 9.633050617870105026e-02
9.959698814766589914e-01 8.968832249166971970e-02
9.965460359477812391e-01 8.304214735159184957e-02
9.970778405347638929e-01 7.639227653717392541e-02
9.975652715703893225e-01 6.973900599159318925e-02
9.980083073622227907e-01 6.308263180932717484e-02
9.984069281935774587e-01 5.642345022297640816e-02
9.987611163243921286e-01 4.976175759008099470e-02
9.990708559920207232e-01 4.309785037993164869e-02
9.993361334119335027e-01 3.643202516037574723e-02
9.995569367783307957e-01 2.976457858461897463e-02
9.997332562646684684e-01 2.309580737802321287e-02
9.998650840240949078e-01 1.642600832490117083e-02
9.999524141898004093e-01 9.755478255308432101e-03
9.999952428752786338e-01 3.084514031833440837e-03
9.999935681744986926e-01 -3.586587463613946734e-03
9.999473901619910787e-01 -1.025752934301477938e-02
9.998567108928433367e-01 -1.692801472545359467e-02
9.997215344026091355e-01 -2.359774675033068578e-02
9.995418667071288565e-01 -3.026642859057346660e-02
9.993177158022612527e-01 -3.693376346584634901e-02
9.990490916635280660e-01 -4.359945465575854051e-02
9.987360062456700494e-01 -5.026320551306913409e-02
9.983784734821146145e-01 -5.692471947688903383e-02
9.979765092843563279e-01 -6.358370008587894973e-02
9.975301315412481440e-01 -7.023985099144296196e-02
9.970393601182057086e-01 -7.689287597091719328e-02
9.965042168563231773e-01 -8.354247894075265968e-02
9.959247255714009928e-01 -9.018836396969216740e-02
9.953009120528863996e-01 -9.683023529194025036e-02
9.946328040627254730e-01 -1.034677973203258355e-01
9.939204313341275521e-01 -1.101007546594569286e-01
9.931638255702420759e-01 -1.167288121188667788e-01
9.923630204427480450e-01 -1.233516747261508978e-01
9.915180515903545544e-01 -1.299690477400944344e-01
9.906289566172159500e-01 -1.365806366637891400e-01
9.896957750912575014e-01 -1.431861472577396766e-01
9.887185485424144771e-01 -1.497852855529581972e-01
9.876973204607844004e-01 -1.563777578640470622e-01
9.866321362946913753e-01 -1.629632708022689114e-01
9.855230434486630386e-01 -1.695415312886035808e-01
9.843700912813218018e-01 -1.761122465667910586e-01
9.831733311031871647e-01 -1.826751242163602018e-01
9.819328161743930972e-01 -1.892298721656426319e-01
9.806486017023172685e-01 -1.957761987047708097e-01
9.793207448391241243e-01 -2.023138124986602893e-01
9.779493046792218092e-01 -2.088424225999751249e-01
9.765343422566317155e-01 -2.153617384620760689e-01
9.750759205422726561e-01 -2.218714699519510059e-01
9.735741044411584388e-01 -2.283713273631267915e-01
9.720289607895087336e-01 -2.348610214285623832e-01
9.704405583517756728e-01 -2.413402633335221537e-01
9.688089678175827446e-01 -2.478087647284292483e-01
9.671342617985789758e-01 -2.542662377416980979e-01
9.654165148252078499e-01 -2.607123949925458928e-01
9.636558033433900716e-01 -2.671469496037818803e-01
9.618522057111215107e-01 -2.735696152145745130e-01
9.600058021949862130e-01 -2.799801059931956160e-01
9.581166749665838145e-01 -2.863781366497407666e-01
9.561849080988730210e-01 -2.927634224488258607e-01
9.542105875624299349e-01 -2.991356792222588656e-01
9.521938012216220049e-01 -3.054946233816860368e-01
9.501346388306975976e-01 -3.118399719312131557e-01
9.480331920297919712e-01 -3.181714424799993446e-01
9.458895543408487594e-01 -3.244887532548247355e-01
9.437038211634577456e-01 -3.307916231126303841e-01
9.414760897706095921e-01 -3.370797715530301497e-01
9.392064593043666365e-01 -3.433529187307938768e-01
9.368950307714505321e-01 -3.496107854683014882e-01
9.345419070387476213e-01 -3.558530932679676573e-01
9.321471928287302644e-01 -3.620795643246356721e-01
9.297109947147970122e-01 -3.682899215379408231e-01
9.272334211165293993e-01 -3.744838885246424831e-01
9.247145822948665828e-01 -3.806611896309240461e-01
9.221545903471990435e-01 -3.868215499446606143e-01
9.195535592023790228e-01 -3.929646953076533222e-01
9.169116046156510214e-01 -3.990903523278308551e-01
9.142288441634996987e-01 -4.051982483914157163e-01
9.115053972384177250e-01 -4.112881116750572441e-01
9.087413850435920315e-01 -4.173596711579282692e-01
9.059369305875103473e-01 -4.234126566337861330e-01
9.030921586784861343e-01 -4.294467987229989570e-01
9.002071959191048078e-01 -4.354618288845331642e-01
8.972821707005891323e-01 -4.414574794279045866e-01
8.943172131970854588e-01 -4.474334835250919906e-01
8.913124553598705813e-01 -4.533895752224115228e-01
8.882680309114792117e-01 -4.593254894523528531e-01
8.851840753397529626e-01 -4.652409620453755168e-01
8.820607258918109483e-01 -4.711357297416653989e-01
8.788981215679411152e-01 -4.770095302028509177e-01
8.756964031154149675e-01 -4.828621020236777972e-01
8.724557130222232448e-01 -4.886931847436425946e-01
8.691761955107349946e-01 -4.945025188585842613e-01
8.658579965312791504e-01 -5.002898458322329045e-01
8.625012637556489503e-01 -5.060549081077155842e-01
8.591061465705304157e-01 -5.117974491190184771e-01
8.556727960708537806e-01 -5.175172133024050769e-01
8.522013650530693152e-01 -5.232139461077899290e-01
8.486920080083474316e-01 -5.288873940100662363e-01
8.451448811157032948e-01 -5.345373045203897222e-01
8.415601422350458272e-01 -5.401634261974143092e-01
8.379379509001532167e-01 -5.457655086584828341e-01
8.342784683115721522e-01 -5.513433025907696905e-01
8.305818573294448948e-01 -5.568965597623760644e-01
8.268482824662600761e-01 -5.624250330333775416e-01
8.230779098795324433e-01 -5.679284763668221991e-01
8.192709073644079965e-01 -5.734066448396806237e-01
8.154274443461959621e-01 -5.788592946537451933e-01
8.115476918728293798e-01 -5.842861831464810640e-01
8.076318226072524142e-01 -5.896870688018244211e-01
8.036800108197367232e-01 -5.950617112609313253e-01
7.996924323801251067e-01 -6.004098713328746006e-01
7.956692647500055449e-01 -6.057313110052885419e-01
7.916106869748127384e-01 -6.110257934549613301e-01
7.875168796758601486e-01 -6.162930830583747133e-01
7.833880250423022051e-01 -6.215329454021896183e-01
7.792243068230254588e-01 -6.267451472936790280e-01
7.750259103184715670e-01 -6.319294567711054578e-01
7.707930223723907792e-01 -6.370856431140440312e-01
7.665258313635263665e-01 -6.422134768536508220e-01
7.622245271972314384e-01 -6.473127297828746851e-01
7.578893012970174814e-01 -6.523831749666131330e-01
7.535203465960349511e-01 -6.574245867518123676e-01
7.491178575284874741e-01 -6.624367407775090255e-01
7.446820300209784360e-01 -6.674194139848155238e-01
7.402130614837919564e-01 -6.723723846268464532e-01
7.357111508021071389e-01 -6.772954322785877945e-01
7.311764983271471507e-01 -6.821883378467059611e-01
7.266093058672624672e-01 -6.870508835792986657e-01
7.220097766789502769e-01 -6.918828530755856132e-01
7.173781154578083852e-01 -6.966840312955387970e-01
7.127145283294257228e-01 -7.014542045694531769e-01
7.080192228402089061e-01 -7.061931606074549617e-01
7.032924079481457369e-01 -7.109006885089498295e-01
6.985342940135058631e-01 -7.155765787720087534e-01
6.937450927894790453e-01 -7.202206233026913207e-01
6.889250174127509174e-01 -7.248326154243066588e-01
6.840742823940182404e-01 -7.294123498866117439e-01
6.791931036084423168e-01 -7.339596228749450946e-01
6.742816982860413422e-01 -7.384742320192979603e-01
6.693402850020231387e-01 -7.429559764033197844e-01
6.643690836670580468e-01 -7.474046565732606062e-01
6.593683155174915322e-01 -7.518200745468464063e-01
6.543382031054990611e-01 -7.562020338220908355e-01
6.492789702891809123e-01 -7.605503393860402195e-01
6.441908422226004793e-01 -7.648647977234517281e-01
6.390740453457636194e-01 -7.691452168254060417e-01
6.339288073745413810e-01 -7.733914061978524046e-01
6.287553572905359989e-01 -7.776031768700860658e-01
6.235539253308900465e-01 -7.817803414031583298e-01
6.183247429780402982e-01 -7.859227138982181060e-01
6.130680429494158590e-01 -7.900301100047852909e-01
6.077840591870815601e-01 -7.941023469289548720e-01
6.024730268473262873e-01 -7.981392434415318649e-01
5.971351822901981299e-01 -8.021406198860969727e-01
5.917707630689852394e-01 -8.061062981870015243e-01
5.863800079196439530e-01 -8.100361018572926897e-01
5.809631567501742921e-01 -8.139298560065679755e-01
5.755204506299428369e-01 -8.177873873487578882e-01
5.700521317789547515e-01 -8.216085242098387642e-01
5.645584435570735193e-01 -8.253930965354717708e-01
5.590396304531912719e-01 -8.291409358985716294e-01
5.534959380743477153e-01 -8.328518755068021751e-01
5.479276131347995404e-01 -8.365257502099988640e-01
5.423349034450413164e-01 -8.401623965075191158e-01
5.367180579007765351e-01 -8.437616525555179381e-01
5.310773264718412490e-01 -8.473233581741513865e-01
5.254129601910791925e-01 -8.508473548547044185e-01
5.197252111431700516e-01 -8.543334857666455839e-01
5.140143324534107716e-01 -8.577815957646063305e-01
5.082805782764506786e-01 -8.611915313952854811e-01
5.025242037849804166e-01 -8.645631409042786597e-01
4.967454651583760317e-01 -8.678962742428317778e-01
4.909446195712983130e-01 -8.711907830745186931e-01
4.851219251822470047e-01 -8.744465207818430397e-01
4.792776411220723287e-01 -8.776633424727627864e-01
4.734120274824424879e-01 -8.808411049871385234e-01
4.675253453042687579e-01 -8.839796669031049214e-01
4.616178565660881139e-01 -8.870788885433642523e-01
4.556898241724043896e-01 -8.901386319814027503e-01
4.497415119419879703e-01 -8.931587610476284800e-01
4.437731845961349064e-01 -8.961391413354315993e-01
4.377851077468860042e-01 -8.990796402071662419e-01
4.317775478852058924e-01 -9.019801268000524619e-01
4.257507723691233981e-01 -9.048404720320012418e-01
4.197050494118332309e-01 -9.076605486073582307e-01
4.136406480697592536e-01 -9.104402310225694350e-01
4.075578382305806158e-01 -9.131793955717659728e-01
4.014568906012210281e-01 -9.158779203522701140e-01
3.953380766958010106e-01 -9.185356852700198305e-01
3.892016688235545585e-01 -9.211525720449138532e-01
3.830479400767106690e-01 -9.237284642160750181e-01
3.768771643183393971e-01 -9.262632471470340079e-01
3.706896161701643266e-01 -9.287568080308301610e-01
3.644855710003405691e-01 -9.312090358950323443e-01
3.582653049112001775e-01 -9.336198216066777800e-01
3.520290947269644755e-01 -9.359890578771281611e-01
3.457772179814242453e-01 -9.383166392668450539e-01
3.395099529055887744e-01 -9.406024621900821447e-01
3.332275784153033715e-01 -9.428464249194949964e-01
3.269303740988365736e-01 -9.450484275906684273e-01
3.206186202044375988e-01 -9.472083722065608447e-01
3.142925976278642675e-01 -9.493261626418654231e-01
3.079525878998820021e-01 -9.514017046472880157e-01
3.015988731737349604e-01 -9.534349058537416877e-01
2.952317362125888023e-01 -9.554256757764574282e-01
2.888514603769470890e-01 -9.573739258190109291e-01
2.824583296120405373e-01 -9.592795692772654315e-01
2.760526284351904058e-01 -9.611425213432307491e-01
2.696346419231466784e-01 -9.629626991088370280e-01
2.632046556994007136e-01 -9.647400215696246839e-01
2.567629559214744672e-01 -9.664744096283496289e-01
2.503098292681849579e-01 -9.681657860985029007e-01
2.438455629268865277e-01 -9.698140757077460261e-01
2.373704445806894825e-01 -9.714192051012610074e-01
2.308847623956575557e-01 -9.729811028450144894e-01
2.243888050079831942e-01 -9.744996994289373271e-01
2.178828615111424449e-01 -9.759749272700176670e-01
2.113672214430290519e-01 -9.774067207153087633e-01
2.048421747730690967e-01 -9.787950160448506409e-01
1.983080118893163490e-01 -9.801397514745061601e-01
1.917650235855287988e-01 -9.814408671587104838e-01
1.852135010482274247e-01 -9.826983051931341695e-01
1.786537358437373102e-01 -9.839120096172605523e-01
1.720860199052118844e-01 -9.850819264168757528e-01
1.655106455196408144e-01 -9.862080035264729760e-01
1.589279053148422438e-01 -9.872901908315693253e-01
1.523380922464397658e-01 -9.883284401709359068e-01
1.457414995848248795e-01 -9.893227053387415593e-01
1.391384209021053475e-01 -9.902729420866090981e-01
1.325291500590401739e-01 -9.911791081255841851e-01
1.259139811919618435e-01 -9.920411631280177112e-01
1.192932086996861124e-01 -9.928590687293605832e-01
1.126671272304101967e-01 -9.936327885298705809e-01
1.060360316685998866e-01 -9.943622880962329491e-01
9.940021712186616898e-02 -9.950475349630920618e-01
9.275997890783181654e-02 -9.956884986344969324e-01
8.611561254098869245e-02 -9.962851505852580170e-01
7.946741371954635369e-02 -9.968374642622168658e-01
7.281567831227234167e-02 -9.973454150854275113e-01
6.616070234532502037e-02 -9.978089804492508152e-01
5.950278198907929528e-02 -9.982281397233601083e-01
5.284221354494599704e-02 -9.986028742536595670e-01
4.617929343218540178e-02 -9.989331673631145492e-01
3.951431817471548480e-02 -9.992190043524930010e-01
3.284758438791558072e-02 -9.994603725010205997e-01
2.617938876542588028e-02 -9.996572610669461900e-01
1.951002806594353753e-02 -9.998096612880204015e-01
1.283979910001581751e-02 -9.999175663818848925e-01
6.168998716830972374e-03 -9.999809715463748860e-01
-5.020762089926264363e-04 -9.999998739597322217e-01
-7.173128790618471702e-03 -9.999742727807316989e-01
-1.384386214220445152e-02 -9.999041691487178252e-01
-2.051397939211534183e-02 -9.997895661835544123e-01
-2.718318369613465998e-02 -9.996304689854857983e-01
-3.385117825067529562e-02 -9.994268846349096957e-01
-4.051766630598834656e-02 -9.991788221920621105e-01
-4.718235117936955131e-02 -9.988862926966145528e-01
-5.384493626836272390e-02 -9.985493091671817645e-01
-6.050512506395963608e-02 -9.981678866007434037e-01
-6.716262116379574654e-02 -9.977420419719760236e-01
-7.381712828534116311e-02 -9.972717942324977880e-01
-8.046835027908627591e-02 -9.967571643100250345e-01
-8.711599114172148550e-02 -9.961981751074409086e-01
-9.375975502931041539e-02 -9.955948515017761791e-01
-1.003993462704560191e-01 -9.949472203431019013e-01
-1.070344693794590407e-01 -9.942553104533350394e-01
-1.136648290694681485e-01 -9.935191526249549376e-01
-1.202901302656213534e-01 -9.927387796196337488e-01
-1.269100781181778104e-01 -9.919142261667780458e-01
-1.335243780156396831e-01 -9.910455289619829466e-01
-1.401327355978635447e-01 -9.901327266653997539e-01
-1.467348567691603156e-01 -9.891758599000149976e-01
-1.533304477113836550e-01 -9.881749712498423266e-01
-1.599192148970059180e-01 -9.871301052580279123e-01
-1.665008651021812058e-01 -9.860413084248678128e-01
-1.730751054197947614e-01 -9.849086292057385172e-01
-1.796416432724985968e-01 -9.837321180089406703e-01
-1.862001864257320782e-01 -9.825118271934555336e-01
-1.927504430007274394e-01 -9.812478110666149611e-01
-1.992921214874995295e-01 -9.799401258816845539e-01
-2.058249307578188803e-01 -9.785888298353599968e-01
-2.123485800781681754e-01 -9.771939830651772407e-01
-2.188627791226807617e-01 -9.757556476468361994e-01
-2.253672379860613140e-01 -9.742738875914380703e-01
-2.318616671964875420e-01 -9.727487688426366130e-01
-2.383457777284928580e-01 -9.711803592737034974e-01
-2.448192810158289490e-01 -9.695687286845077191e-01
-2.512818889643081421e-01 -9.679139487984089740e-01
-2.577333139646243998e-01 -9.662160932590661000e-01
-2.641732689051532468e-01 -9.644752376271593652e-01
-2.706014671847290498e-01 -9.626914593770280471e-01
-2.770176227253999257e-01 -9.608648378932220790e-01
-2.834214499851592239e-01 -9.589954544669697656e-01
-2.898126639706530838e-01 -9.570833922925594539e-01
-2.961909802498637889e-01 -9.551287364636374955e-01
-3.025561149647679748e-01 -9.531315739694211642e-01
-3.089077848439692464e-01 -9.510919936908269756e-01
-3.152457072153049267e-01 -9.490100863965157396e-01
-3.215696000184257719e-01 -9.468859447388526807e-01
-3.278791818173489303e-01 -9.447196632497842916e-01
-3.341741718129827010e-01 -9.425113383366309217e-01
-3.404542898556230934e-01 -9.402610682777966522e-01
-3.467192564574215208e-01 -9.379689532183955736e-01
-3.529687928048230727e-01 -9.356350951657947945e-01
-3.592026207709747010e-01 -9.332595979850747403e-01
-3.654204629281028183e-01 -9.308425673944069612e-01
-3.716220425598597554e-01 -9.283841109603491182e-01
-3.778070836736388549e-01 -9.258843380930579237e-01
-3.839753110128570346e-01 -9.233433600414201470e-01
-3.901264500692045445e-01 -9.207612898881014640e-01
-3.962602270948618055e-01 -9.181382425445138162e-01
-4.023763691146820531e-01 -9.154743347457017233e-01
-4.084746039383397309e-01 -9.127696850451467725e-01
-4.145546601724439673e-01 -9.100244138094919499e-01
-4.206162672326164143e-01 -9.072386432131847034e-01
-4.266591553555335037e-01 -9.044124972330395140e-01
-4.326830556109316217e-01 -9.015461016427209762e-01
-4.386876999135756461e-01 -8.986395840071461638e-01
-4.446728210351895694e-01 -8.956930736768071721e-01
-4.506381526163491524e-01 -8.927067017820152772e-01
-4.565834291783360532e-01 -8.896806012270647157e-01
-4.625083861349523762e-01 -8.866149066843179716e-01
-4.684127598042956420e-01 -8.835097545882123482e-01
-4.742962874204939006e-01 -8.803652831291884917e-01
-4.801587071453994326e-01 -8.771816322475399774e-01
-4.859997580802417616e-01 -8.739589436271857359e-01
-4.918191802772383658e-01 -8.706973606893645412e-01
-4.976167147511633138e-01 -8.673970285862521168e-01
-5.033921034908732661e-01 -8.640580941945015248e-01
-5.091450894707895136e-01 -8.606807061087066169e-01
-5.148754166623370487e-01 -8.572650146347888800e-01
-5.205828300453383406e-01 -8.538111717833085645e-01
-5.262670756193625898e-01 -8.503193312626993183e-01
-5.319279004150300194e-01 -8.467896484724277695e-01
-5.375650525052699802e-01 -8.432222804960779472e-01
-5.431782810165319830e-01 -8.396173860943598743e-01
-5.487673361399512117e-01 -8.359751256980447742e-01
-5.543319691424652973e-01 -8.322956614008251153e-01
-5.598719323778842405e-01 -8.285791569521006039e-01
-5.653869792979115960e-01 -8.248257777496911247e-01
-5.708768644631163625e-01 -8.210356908324757397e-01
-5.763413435538563556e-01 -8.172090648729587459e-01
-5.817801733811508447e-01 -8.133460701697635686e-01
-5.871931118975040054e-01 -8.094468786400533800e-01
-5.925799182076761928e-01 -8.055116638118804406e-01
-5.979403525794049212e-01 -8.015406008164632778e-01
-6.032741764540742180e-01 -7.975338663803929196e-01
-6.085811524573305764e-01 -7.934916388177680746e-01
-6.138610444096476160e-01 -7.894140980222589254e-01
-6.191136173368364526e-01 -7.853014254591017540e-01
-6.243386374805033334e-01 -7.811538041570229574e-01
-6.295358723084524266e-01 -7.769714187000934524e-01
-6.347050905250344321e-01 -7.727544552195140248e-01
-6.398460620814399036e-01 -7.685031013853321769e-01
-6.449585581859377248e-01 -7.642175463980896977e-01
-6.500423513140564102e-01 -7.598979809804029539e-01
-6.550972152187106712e-01 -7.555445973684745686e-01
-6.601229249402693622e-01 -7.511575893035385976e-01
-6.651192568165675834e-01 -7.467371520232382043e-01
-6.700859884928602739e-01 -7.422834822529370546e-01
-6.750228989317175188e-01 -7.377967781969640981e-01
-6.799297684228622352e-01 -7.332772395297927348e-01
-6.848063785929470182e-01 -7.287250673871548123e-01
-6.896525124152735886e-01 -7.241404643570892308e-01
-6.944679542194505117e-01 -7.195236344709262655e-01
-6.992524897009918528e-01 -7.148747831942069419e-01
-7.040059059308538814e-01 -7.101941174175393501e-01
-7.087279913649119356e-01 -7.054818454473915645e-01
-7.134185358533741139e-01 -7.007381769968208385e-01
-7.180773306501344599e-01 -6.959633231761408467e-01
-7.227041684220620876e-01 -6.911574964835263124e-01
-7.272988432582291329e-01 -6.863209107955562382e-01
-7.318611506790737575e-01 -6.814537813576957426e-01
-7.363908876455007579e-01 -6.765563247747163889e-01
-7.408878525679173377e-01 -6.716287590010571185e-01
-7.453518453152043755e-01 -6.666713033311240100e-01
-7.497826672236235224e-01 -6.616841783895313078e-01
-7.541801211056576859e-01 -6.566676061212822768e-01
-7.585440112587876760e-01 -6.516218097818919919e-01
-7.628741434741997951e-01 -6.465470139274528405e-01
-7.671703250454313672e-01 -6.414434444046390738e-01
-7.714323647769446568e-01 -6.363113283406567344e-01
-7.756600729926369509e-01 -6.311508941331359646e-01
-7.798532615442816951e-01 -6.259623714399661365e-01
-7.840117438199012412e-01 -6.207459911690751397e-01
-7.881353347520723140e-01 -6.155019854681533786e-01
-7.922238508261618684e-01 -6.102305877143223700e-01
-7.962771100884942221e-01 -6.049320325037483848e-01
-8.002949321544486905e-01 -5.996065556412024655e-01
-8.042771382164873861e-01 -5.942543941295657106e-01
-8.082235510521126320e-01 -5.888757861592824883e-01
-8.121339950317544298e-01 -5.834709710977593611e-01
-8.160082961265856527e-01 -5.780401894787130512e-01
-8.198462819162682935e-01 -5.725836829914652260e-01
-8.236477815966256610e-01 -5.671016944701869900e-01
-8.274126259872441880e-01 -5.615944678830915304e-01
-8.311406475390028525e-01 -5.560622483215768019e-01
-8.348316803415293252e-01 -5.505052819893181404e-01
-8.384855601305835071e-01 -5.449238161913109169e-01
-8.421021242953684594e-01 -5.393180993228651188e-01
-8.456812118857663929e-01 -5.336883808585507483e-01
-8.492226636195021605e-01 -5.280349113410949258e-01
-8.527263218892315866e-01 -5.223579423702320312e-01
-8.561920307695556343e-01 -5.166577265915069939e-01
-8.596196360239595213e-01 -5.109345176850310644e-01
-8.630089851116772293e-01 -5.051885703541925121e-01
-8.663599271944794067e-01 -4.994201403143213036e-01
-8.696723131433868881e-01 -4.936294842813088168e-01
-8.729459955453069409e-01 -4.878168599601831468e-01
-8.761808287095942394e-01 -4.819825260336402240e-01
-8.793766686745341232e-01 -4.761267421505314679e-01
-8.825333732137495835e-01 -4.702497689143085857e-01
-8.856508018425308659e-01 -4.643518678714258496e-01
-8.887288158240876923e-01 -4.584333014997000189e-01
-8.917672781757232103e-01 -4.524943331966294613e-01
-8.947660536749304505e-01 -4.465352272676719192e-01
-8.977250088654104010e-01 -4.405562489144818628e-01
-9.006440120630105906e-01 -4.345576642231081532e-01
-9.035229333615864000e-01 -4.285397401521523486e-01
-9.063616446387817716e-01 -4.225027445208878185e-01
-9.091600195617313140e-01 -4.164469459973411114e-01
-9.119179335926823615e-01 -4.103726140863350746e-01
-9.146352639945377616e-01 -4.042800191174950042e-01
-9.173118898363178397e-01 -3.981694322332179348e-01
-9.199476919985419832e-01 -3.920411253766060145e-01
-9.225425531785306221e-01 -3.858953712793636304e-01
-9.250963578956250544e-01 -3.797324434496605061e-01
-9.276089924963267785e-01 -3.735526161599589945e-01
-9.300803451593556703e-01 -3.673561644348082855e-01
-9.325103059006263351e-01 -3.611433640386048083e-01
-9.348987665781430811e-01 -3.549144914633196590e-01
-9.372456208968119595e-01 -3.486698239161936663e-01
-9.395507644131718683e-01 -3.424096393074008704e-01
-9.418140945400427233e-01 -3.361342162376801945e-01
-9.440355105510902511e-01 -3.298438339859370849e-01
-9.462149135853094029e-01 -3.235387724968142864e-01
-9.483522066514239457e-01 -3.172193123682335303e-01
-9.504472946322023441e-01 -3.108857348389076902e-01
-9.525000842886913732e-01 -3.045383217758248495e-01
-9.545104842643655774e-01 -2.981773556617041132e-01
-9.564784050891925737e-01 -2.918031195824241086e-01
-9.584037591836152004e-01 -2.854158972144246187e-01
-9.602864608624488429e-01 -2.790159728120820137e-01
-9.621264263386949400e-01 -2.726036311950590374e-01
-9.639235737272697779e-01 -2.661791577356288907e-01
-9.656778230486482428e-01 -2.597428383459756684e-01
-9.673890962324239728e-01 -2.532949594654698156e-01
-9.690573171207831349e-01 -2.468358080479208239e-01
-9.706824114718939356e-01 -2.403656715488065587e-01
-9.722643069632108670e-01 -2.338848379124805754e-01
-9.738029331946927991e-01 -2.273935955593575087e-01
-9.752982216919365843e-01 -2.208922333730773402e-01
-9.767501059092241755e-01 -2.143810406876490715e-01
-9.781585212324838130e-01 -2.078603072745742741e-01
-9.795234049821665012e-01 -2.013303233299511830e-01
-9.808446964160343340e-01 -1.947913794615599992e-01
-9.821223367318646646e-01 -1.882437666759297912e-01
-9.833562690700664577e-01 -1.816877763653876321e-01
-9.845464385162110421e-01 -1.751237002950905286e-01
-9.856927921034759343e-01 -1.685518305900409741e-01
-9.867952788150018417e-01 -1.619724597220862095e-01
-9.878538495861634017e-01 -1.553858804969022178e-01
-9.888684573067527683e-01 -1.487923860409628152e-01
-9.898390568230757136e-01 -1.421922697884944742e-01
-9.907656049399614639e-01 -1.355858254684174091e-01
-9.916480604226853846e-01 -1.289733470912736712e-01
-9.924863839988032899e-01 -1.223551289361424904e-01
-9.932805383598997118e-01 -1.157314655375439039e-01
-9.940304881632484602e-01 -1.091026516723308942e-01
-9.947362000333848098e-01 -1.024689823465707028e-01
-9.953976425635915337e-01 -9.583075278241605377e-02
-9.960147863172960081e-01 -8.918825840496667767e-02
-9.965876038293809414e-01 -8.254179482912185617e-02
-9.971160696074059526e-01 -7.589165784642447343e-02
-9.976001601327425528e-01 -6.923814341189722665e-02
-9.980398538616205295e-01 -6.258154763087157846e-02
-9.984351312260871802e-01 -5.592216674581000635e-02
-9.987859746348772827e-01 -4.926029712312212511e-02
-9.990923684741970234e-01 -4.259623523997533440e-02
-9.993542991084181093e-01 -3.593027767110050508e-02
-9.995717548806849484e-01 -2.926272107559335298e-02
-9.997447261134331242e-01 -2.259386218371202404e-02
-9.998732051088206063e-01 -1.592399778367155003e-02
-9.999571861490696989e-01 -9.253424708435677853e-03
-9.999966654967220592e-01 -2.582439822506763395e-03
-9.999916413948046756e-01 4.088659991285786659e-03
-9.999421140669081387e-01 1.075957784499785921e-02
-9.998480857171766489e-01 1.743001685878322118e-02
-9.997095605302100951e-01 2.409968017410574204e-02
-9.995265446708777590e-01 3.076827096695065183e-02
-9.992990462840439791e-01 3.743549246103430872e-02
-9.990270754942053300e-01 4.410104794101177283e-02
-9.987106444050405374e-01 5.076464076568174000e-02
-9.983497670988715766e-01 5.742597438118812042e-02
-9.979444596360370623e-01 6.408475233421777328e-02
-9.974947400541772646e-01 7.074067828519370327e-02
-9.970006283674317515e-01 7.739345602146331660e-02
-9.964621465655484345e-01 8.404278947048085535e-02
-9.958793186129046848e-01 9.068838271298375331e-02
-9.952521704474416309e-01 9.732993999616211533e-02
-9.945807299795090817e-01 1.039671657468207028e-01
-9.938650270906235207e-01 1.105997645845331057e-01
-9.931050936321387246e-01 1.172274413347871858e-01
-9.923009634238277865e-01 1.238499010421213742e-01
-9.914526722523780977e-01 1.304668489832513101e-01
-9.905602578697990657e-01 1.370779906801860293e-01
-9.896237599917415695e-01 1.436830319133333977e-01
-9.886432202957304849e-01 1.502816787345937766e-01
-9.876186824193105007e-01 1.568736374804419187e-01
-9.865501919581032286e-01 1.634586147849959870e-01
-9.854377964637786036e-01 1.700363175930733883e-01
-9.842815454419384658e-01 1.766064531732328136e-01
-9.830814903499134338e-01 1.831687291308017884e-01
-9.818376845944729592e-01 1.897228534208893758e-01
-9.805501835294482271e-01 1.962685343613831401e-01
-9.792190444532690163e-01 2.028054806459300696e-01
-9.778443266064137385e-01 2.093334013569007890e-01
-9.764260911687725475e-01 2.158520059783364253e-01
-9.749644012569254059e-01 2.223610044088775994e-01
-9.734593219213324433e-01 2.288601069746749594e-01
-9.719109201434392720e-01 2.353490244422808131e-01
-9.703192648326960379e-01 2.418274680315209146e-01
-9.686844268234909849e-01 2.482951494283462957e-01
-9.670064788719974214e-01 2.547517807976643622e-01
-9.652854956529365316e-01 2.611970747961483430e-01
-9.635215537562534793e-01 2.676307445850253930e-01
-9.617147316837093562e-01 2.740525038428417992e-01
-9.598651098453873098e-01 2.804620667782052879e-01
-9.579727705561139617e-01 2.868591481425037948e-01
-9.560377980317963376e-01 2.932434632426001997e-01
-9.540602783856736435e-01 2.996147279535019137e-01
-9.520402996244851090e-01 3.059726587310057644e-01
-9.499779516445536753e-01 3.123169726243165134e-01
-9.478733262277845295e-01 3.186473872886392278e-01
-9.457265170375810381e-01 3.249636209977447843e-01
-9.435376196146765260e-01 3.312653926565074514e-01
-9.413067313728816776e-01 3.375524218134149379e-01
-9.390339515947500049e-01 3.438244286730491872e-01
-9.367193814271590480e-01 3.500811341085384720e-01
-9.343631238768089764e-01 3.563222596739794579e-01
-9.319652838056385891e-01 3.625475276168291794e-01
-9.295259679261582697e-01 3.687566608902658749e-01
-9.270452847967013410e-01 3.749493831655185683e-01
-9.245233448165924850e-01 3.811254188441647872e-01
-9.219602602212345621e-01 3.872844930703957522e-01
-9.193561450771140509e-01 3.934263317432481477e-01
-9.167111152767244420e-01 3.995506615288029195e-01
-9.140252885334084754e-01 4.056572098723495445e-01
-9.112987843761197748e-01 4.117457050105154948e-01
-9.085317241441032143e-01 4.178158759833609515e-01
-9.057242309814947934e-01 4.238674526464373260e-01
-9.028764298318417980e-01 4.299001656828097540e-01
-8.999884474325414718e-01 4.359137466150426188e-01
-8.970604123092015270e-01 4.419079278171477165e-01
-8.940924547699198310e-01 4.478824425264947839e-01
-8.910847068994856013e-01 4.538370248556830577e-01
-8.880373025535007736e-01 4.597714098043745312e-01
-8.849503773524233230e-01 4.656853332710872984e-01
-8.818240686755312030e-01 4.715785320649489298e-01
-8.786585156548090136e-01 4.774507439174096035e-01
-8.754538591687556215e-01 4.833017074939138236e-01
-8.722102418361149523e-01 4.891311624055308949e-01
-8.689278080095288459e-01 4.949388492205430423e-01
-8.656067037691125288e-01 5.007245094759911197e-01
-8.622470769159539250e-01 5.064878856891772418e-01
-8.588490769655359180e-01 5.122287213691233410e-01
-8.554128551410821180e-01 5.179467610279863132e-01
-8.519385643668272445e-01 5.236417501924282014e-01
-8.484263592612110161e-01 5.293134354149406917e-01
-8.448763961299974312e-01 5.349615642851247577e-01
-8.412888329593184444e-01 5.405858854409241188e-01
-8.376638294086432568e-01 5.461861485798109594e-01
-8.340015468036724444e-01 5.517621044699262400e-01
-8.303021481291585904e-01 5.573135049611706027e-01
-8.265657980216531975e-01 5.628401029962485369e-01
-8.227926627621791056e-01 5.683416526216629183e-01
-8.189829102688311879e-01 5.738179089986610304e-01
-8.151367100893026629e-01 5.792686284141306263e-01
-8.112542333933400185e-01 5.846935682914463639e-01
-8.073356529651252167e-01 5.900924872012648370e-01
-8.033811431955864002e-01 5.954651448722694251e-01
-7.993908800746363230e-01 6.008113022018630733e-01
-7.953650411833407263e-01 6.061307212668095579e-01
-7.913038056860152158e-01 6.114231653338211281e-01
-7.872073543222515291e-01 6.166883988700948560e-01
-7.830758693988741914e-01 6.219261875537942519e-01
-7.789095347818274506e-01 6.271362982844774780e-01
-7.747085358879919337e-01 6.323184991934712729e-01
-7.704730596769334694e-01 6.374725596541896966e-01
-7.662032946425826330e-01 6.425982502923981432e-01
-7.618994308048459008e-01 6.476953429964212861e-01
-7.575616597011493036e-01 6.527636109272944021e-01
-7.531901743779139125e-01 6.578028285288591848e-01
-7.487851693819650434e-01 6.628127715378014928e-01
-7.443468407518744057e-01 6.677932169936316997e-01
-7.398753860092347479e-01 6.727439432486076454e-01
-7.353710041498703331e-01 6.776647299775984123e-01
-7.308338956349804683e-01 6.825553581878897047e-01
-7.262642623822185284e-01 6.874156102289299408e-01
-7.216623077567054789e-01 6.922452698020160611e-01
-7.170282365619801146e-01 6.970441219699202717e-01
-7.123622550308835732e-01 7.018119531664549493e-01
-7.076645708163821213e-01 7.065485512059773709e-01
-7.029353929823255465e-01 7.112537052928326053e-01
-6.981749319941427112e-01 7.159272060307347862e-01
-6.933833997094756008e-01 7.205688454320861025e-01
-6.885610093687507538e-01 7.251784169272325054e-01
-6.837079755856890761e-01 7.297557153736575764e-01
-6.788245143377550361e-01 7.343005370651114472e-01
-6.739108429565445757e-01 7.388126797406765478e-01
-6.689671801181134025e-01 7.432919425937695168e-01
-6.639937458332451081e-01 7.477381262810769424e-01
-6.589907614376595557e-01 7.521510329314277099e-01
-6.539584495821627597e-01 7.565304661545982912e-01
-6.488970342227385890e-01 7.608762310500531978e-01
-6.438067406105812962e-01 7.651881342156187094e-01
-6.386877952820713134e-01 7.694659837560897664e-01
-6.335404260486935391e-01 7.737095892917703610e-01
-6.283648619868988927e-01 7.779187619669456488e-01
-6.231613334279096916e-01 7.820933144582873364e-01
-6.179300719474689618e-01 7.862330609831895689e-01
-6.126713103555343487e-01 7.903378173080372049e-01
-6.073852826859177378e-01 7.944074007564052575e-01
-6.020722241858692536e-01 7.984416302171877255e-01
-5.967323713056084111e-01 8.024403261526588116e-01
-5.913659616878009784e-01 8.064033106064621981e-01
-5.859732341569831027e-01 8.103304072115308232e-01
-5.805544287089328126e-01 8.142214411979364908e-01
-5.751097864999891174e-01 8.180762394006666494e-01
-5.696395498363201471e-01 8.218946302673321158e-01
-5.641439621631388901e-01 8.256764438658007466e-01
-5.586232680538700812e-01 8.294215118917606100e-01
-5.530777131992645756e-01 8.331296676762098841e-01
-5.475075443964663169e-01 8.368007461928744783e-01
-5.419130095380281231e-01 8.404345840655517152e-01
-5.362943576008804003e-01 8.440310195753820688e-01
-5.306518386352498950e-01 8.475898926680454082e-01
-5.249857037535321513e-01 8.511110449608844108e-01
-5.192962051191161166e-01 8.545943197499530353e-01
-5.135835959351615632e-01 8.580395620169903870e-01
-5.078481304333309909e-01 8.614466184363198664e-01
-5.020900638624752332e-01 8.648153373816722667e-01
-4.963096524772739326e-01 8.681455689329339309e-01
-4.905071535268316074e-01 8.714371648828188599e-01
-4.846828252432286988e-01 8.746899787434642137e-01
-4.788369268300295967e-01 8.779038657529495415e-01
-4.729697184507469787e-01 8.810786828817396277e-01
-4.670814612172637936e-01 8.842142888390492894e-01
-4.611724171782126125e-01 8.873105440791316800e-01
-4.552428493073138460e-01 8.903673108074882103e-01
-4.492930214916720510e-01 8.933844529870015316e-01
-4.433231985200323244e-01 8.963618363439889158e-01
-4.373336460709961182e-01 8.992993283741785859e-01
-4.313246307011976977e-01 9.021967983486061105e-01
-4.252964198334411305e-01 9.050541173194326383e-01
-4.192492817447994735e-01 9.078711581256834195e-01
-4.131834855546749896e-01 9.106477953989070562e-01
-4.070993012128227284e-01 9.133839055687544839e-01
-4.009969994873365806e-01 9.160793668684787949e-01
-3.948768519525991394e-01 9.187340593403540145e-01
-3.887391309771959236e-01 9.213478648410134975e-01
-3.825841097117935186e-01 9.239206670467082771e-01
-3.764120620769839110e-01 9.264523514584831476e-01
-3.702232627510936291e-01 9.289428054072730312e-01
-3.640179871579597437e-01 9.313919180589165236e-01
-3.577965114546725611e-01 9.337995804190888371e-01
-3.515591125192855659e-01 9.361656853381522536e-01
-3.453060679384933329e-01 9.384901275159247547e-01
-3.390376559952779090e-01 9.407728035063660510e-01
-3.327541556565243308e-01 9.430136117221816772e-01
-3.264558465606055004e-01 9.452124524393435978e-01
-3.201430090049373067e-01 9.473692278015286572e-01
-3.138159239335043260e-01 9.494838418244730960e-01
-3.074748729243569345e-01 9.515562004002446894e-01
-3.011201381770799435e-01 9.535862113014303976e-01
-2.947520025002336452e-01 9.555737841852414149e-01
-2.883707492987680476e-01 9.575188305975329550e-01
-2.819766625614101851e-01 9.594212639767416562e-01
-2.755700268480255621e-01 9.612809996577371674e-01
-2.691511272769543384e-01 9.630979548755903563e-01
-2.627202495123223125e-01 9.648720487692568071e-01
-2.562776797513281468e-01 9.666032023851750532e-01
-2.498237047115063614e-01 9.682913386807805445e-01
-2.433586116179674574e-01 9.699363825279342377e-01
-2.368826881906152260e-01 9.715382607162662554e-01
-2.303962226313423789e-01 9.730969019564336131e-01
-2.238995036112043924e-01 9.746122368832931260e-01
-2.173928202575726443e-01 9.760841980589884948e-01
-2.108764621412672069e-01 9.775127199759513497e-01
-2.043507192636698777e-01 9.788977390598165851e-01
-1.978158820438181420e-01 9.802391936722517629e-01
-1.912722413054804005e-01 9.815370241137000296e-01
-1.847200882642133224e-01 9.827911726260372127e-01
-1.781597145144016570e-01 9.840015833951420987e-01
-1.715914120162813084e-01 9.851682025533806675e-01
-1.650154730829459793e-01 9.862909781820026200e-01
-1.584321903673381882e-01 9.873698603134528629e-01
-1.518418568492252152e-01 9.884048009335949514e-01
-1.452447658221604487e-01 9.893957539838473814e-01
-1.386412108804306875e-01 9.903426753632340596e-01
-1.320314859059902313e-01 9.912455229303466231e-01
-1.254158850553820093e-01 9.921042565052199391e-01
-1.187947027466465660e-01 9.929188378711202301e-01
-1.121682336462194590e-01 9.936892307762458243e-01
-1.055367726558174707e-01 9.944154009353406432e-01
-9.890061489931446792e-02 9.950973160312198695e-01
-9.226005570960726931e-02 9.957349457162082418e-01
-8.561539061547233931e-02 9.963282616134905290e-01
-7.896691532841365602e-02 9.968772373183747426e-01
-7.231492572950248832e-02 9.973818483994665307e-01
-6.565971785620962342e-02 9.978420723997575292e-01
-5.900158788923065556e-02 9.982578888376236748e-01
-5.234083213930483536e-02 9.986292792077373637e-01
-4.567774703402822239e-02 9.989562269818910156e-01
-3.901262910466155726e-02 9.992387176097321522e-01
-3.234577497293357473e-02 9.994767385194116560e-01
-2.567748133784026471e-02 9.996702791181424352e-01
-1.900804496244068442e-02 9.998193307926717122e-01
-1.233776266064995179e-02 9.999238869096634952e-01
-5.666931284029954989e-03 9.999839428159944532e-01
1.004152291421613313e-03 9.999994958389607502e-01
7.675191178483306738e-03 9.999705452863968391e-01
1.434588849192247086e-02 9.998970924467064370e-01
2.101594736170770902e-02 9.997791405888052374e-01
2.768507094622066345e-02 9.996166949619752495e-01
3.435296244546653249e-02 9.994097627956314289e-01
4.101932511428274530e-02 9.991583532989997130e-01
4.768386227554519130e-02 9.988624776607072375e-01
5.434627733337139832e-02 9.985221490482844020e-01
6.100627378632015457e-02 9.981373826075790046e-01
6.766355524058684234e-02 9.977081954620820037e-01
7.431782542319408102e-02 9.972346067121655722e-01
8.096878819517688841e-02 9.967166374342331103e-01
8.761614756476196475e-02 9.961543106797811076e-01
9.425960770054038484e-02 9.955476514743732963e-01
1.008988729446331500e-01 9.948966868165270983e-01
1.075336478258490519e-01 9.942014456765119190e-01
1.141636370728341676e-01 9.934619589950599572e-01
1.207885456272125152e-01 9.926782596819891946e-01
1.274080786567172441e-01 9.918503826147387903e-01
1.340219415683116533e-01 9.909783646368168775e-01
1.406298400212997179e-01 9.900622445561610974e-01
1.472314799404252916e-01 9.891020631434109811e-01
1.538265675289594847e-01 9.880978631300942894e-01
1.604148092817757054e-01 9.870496892067245343e-01
1.669959119984116558e-01 9.859575880208127918e-01
1.735695827961178661e-01 9.848216081747910300e-01
1.801355291228919908e-01 9.836418002238496161e-01
1.866934587704984216e-01 9.824182166736874500e-01
1.932430798874726352e-01 9.811509119781747223e-01
1.997841009921095812e-01 9.798399425369301863e-01
2.063162309854357501e-01 9.784853666928107208e-01
2.128391791641640607e-01 9.770872447293152963e-01
2.193526552336311497e-01 9.756456388679015657e-01
2.258563693207167045e-01 9.741606132652171901e-01
2.323500319867436714e-01 9.726322340102445674e-01
2.388333542403594523e-01 9.710605691213597401e-01
2.453060475503969495e-01 9.694456885433048177e-01
2.517678238587153228e-01 9.677876641440760208e-01
2.582183955930196784e-01 9.660865697117245743e-01
2.646574756796588046e-01 9.643424809510731111e-01
2.710847775564012574e-01 9.625554754803468116e-01
2.775000151851882979e-01 9.607256328277185009e-01
2.839029030648637097e-01 9.588530344277701456e-01
2.902931562438793578e-01 9.569377636178679758e-01
2.966704903329769327e-01 9.549799056344542292e-01
3.030346215178439939e-01 9.529795476092532969e-01
3.093852665717448658e-01 9.509367785653946026e-01
3.157221428681252773e-01 9.488516894134504387e-01
3.220449683931901341e-01 9.467243729473902025e-01
3.283534617584543125e-01 9.445549238404504777e-01
3.346473422132651976e-01 9.423434386409222929e-01
3.409263296572974666e-01 9.400900157678538926e-01
3.471901446530182844e-01 9.377947555066706853e-01
3.534385084381232445e-01 9.354577600047127017e-01
3.596711429379425562e-01 9.330791332666882321e-01
3.658877707778161459e-01 9.306589811500451948e-01
3.720881152954379489e-01 9.281974113602605714e-01
3.782719005531682832e-01 9.256945334460466857e-01
3.844388513503141369e-01 9.231504587944757700e-01
3.905886932353764829e-01 9.205653006260234861e-01
3.967211525182645637e-01 9.179391739895296221e-01
4.028359562824759266e-01 9.152721957570780775e-01
4.089328323972421519e-01 9.125644846187961345e-01
4.150115095296397771e-01 9.098161610775715724e-01
4.210717171566655814e-01 9.070273474436904015e-01
4.271131855772756225e-01 9.041981678293933289e-01
4.331356459243883017e-01 9.013287481433525095e-01
4.391388301768495150e-01 8.984192160850680287e-01
4.451224711713607229e-01 8.954697011391848926e-01
4.510863026143687726e-01 8.924803345697305268e-01
4.570300590939167518e-01 8.894512494142727821e-01
4.629534760914559288e-01 8.863825804779997819e-01
4.688562899936176143e-01 8.832744643277200547e-01
4.747382381039450538e-01 8.801270392857851732e-01
4.805990586545842436e-01 8.769404454239339008e-01
4.864384908179336664e-01 8.737148245570582894e-01
4.922562747182519516e-01 8.704503202368926162e-01
4.980521514432234009e-01 8.671470777456247170e-01
5.038258630554802719e-01 8.638052440894303796e-01
5.095771526040823174e-01 8.604249679919312443e-01
5.153057641359515273e-01 8.570063998875755429e-01
5.210114427072635168e-01 8.535496919149440087e-01
5.266939343947929508e-01 8.500549979099785158e-01
5.323529863072142820e-01 8.465224733991359995e-01
5.379883465963564149e-01 8.429522755924671040e-01
5.435997644684106289e-01 8.393445633766197789e-01
5.491869901950917621e-01 8.356994973077680466e-01
5.547497751247525422e-01 8.320172396044666074e-01
5.602878716934487358e-01 8.282979541404321688e-01
5.658010334359573346e-01 8.245418064372496136e-01
5.712890149967443376e-01 8.207489636570062252e-01
5.767515721408849050e-01 8.169195945948521942e-01
5.821884617649319971e-01 8.130538696714888491e-01
5.875994419077354980e-01 8.091519609255839462e-01
5.929842717612106018e-01 8.052140420061156822e-01
5.983427116810544621e-01 8.012402881646445429e-01
6.036745231974109949e-01 7.972308762475136534e-01
6.089794690254841658e-01 7.931859846879792952e-01
6.142573130760975442e-01 7.891057934982692590e-01
6.195078204662013421e-01 7.849904842615716971e-01
6.247307575293256088e-01 7.808402401239544766e-01
6.299258918259791340e-01 7.766552457862142544e-01
6.350929921539936185e-01 7.724356874956563868e-01
6.402318285588135538e-01 7.681817530378067804e-01
6.453421723437294810e-01 7.638936317280542454e-01
6.504237960800561824e-01 7.595715144032255672e-01
6.554764736172538075e-01 7.552155934130925230e-01
6.604999800929927112e-01 7.508260626118117287e-01
6.654940919431602264e-01 7.464031173492972071e-01
6.704585869118102615e-01 7.419469544625266755e-01
6.753932440610547205e-01 7.374577722667817747e-01
6.802978437808958612e-01 7.329357705468221296e-01
6.851721677989993653e-01 7.283811505479942383e-01
6.900159991904087908e-01 7.237941149672756369e-01
6.948291223871994049e-01 7.191748679442533376e-01
6.996113231880713990e-01 7.145236150520400953e-01
7.043623887678829298e-01 7.098405632881243932e-01
7.090821076871214323e-01 7.051259210651594778e-01
7.137702699013138696e-01 7.003798982016871122e-01
7.184266667703735898e-01 6.956027059128009338e-01
7.230510910678864533e-01 6.907945568007458625e-01
7.276433369903326787e-01 6.859556648454571137e-01
7.322032001662460710e-01 6.810862453950367046e-01
7.367304776653089693e-01 6.761865151561702314e-01
7.412249680073836888e-01 6.712566921844824730e-01
7.456864711714789040e-01 6.662969958748329313e-01
7.501147886046515278e-01 6.613076469515523081e-01
7.545097232308429769e-01 6.562888674586190296e-01
7.588710794596492670e-01 6.512408807497780394e-01
7.631986631950264943e-01 6.461639114786004168e-01
7.674922818439277039e-01 6.410581855884854852e-01
7.717517443248748110e-01 6.359239303026054113e-01
7.759768610764621322e-01 6.307613741137936270e-01
7.801674440657921927e-01 6.255707467743748529e-01
7.843233067968444772e-01 6.203522792859417212e-01
7.884442643187746791e-01 6.151062038890732220e-01
7.925301332341462279e-01 6.098327540529997481e-01
7.965807317070914273e-01 6.045321644652126292e-01
8.005958794714043147e-01 5.992046710210198190e-01
8.045753978385630223e-01 5.938505108130479604e-01
8.085191097056820819e-01 5.884699221206902697e-01
8.124268395633938988e-01 5.830631443995026864e-01
8.162984135036601696e-01 5.776304182705472856e-01
8.201336592275105808e-01 5.721719855096836227e-01
8.239324060527113414e-01 5.666880890368086732e-01
8.276944849213609956e-01 5.611789729050464803e-01
8.314197284074140715e-01 5.556448822898865103e-01
8.351079707241321204e-01 5.500860634782724912e-01
8.387590477314619264e-01 5.445027638576421802e-01
8.423727969433401075e-01 5.388952319049170603e-01
8.459490575349245534e-01 5.332637171754448513e-01
8.494876703497519221e-01 5.276084702918929503e-01
8.529884779068198641e-01 5.219297429330951310e-01
8.564513244075964149e-01 5.162277878228506145e-01
8.598760557429530049e-01 5.105028587186775102e-01
8.632625195000233065e-01 5.047552104005187390e-01
8.666105649689855861e-01 4.989850986594045468e-01
8.699200431497703390e-01 4.931927802860679444e-01
8.731908067586912070e-01 4.873785130595172377e-01
8.764227102349994025e-01 4.815425557355634267e-01
8.796156097473620816e-01 4.756851680353050837e-01
8.827693632002628910e-01 4.698066106335695435e-01
8.858838302403260201e-01 4.639071451473120722e-01
8.889588722625625383e-01 4.579870341239728471e-01
8.919943524165384607e-01 4.520465410297928033e-01
8.949901356124655427e-01 4.460859302380882907e-01
8.979460885272126935e-01 4.401054670174856520e-01
9.008620796102397854e-01 4.341054175201156662e-01
9.037379790894520815e-01 4.280860487697690786e-01
9.065736589769752829e-01 4.220476286500126073e-01
9.093689930748517503e-01 4.159904258922677012e-01
9.121238569806565666e-01 4.099147100638507180e-01
9.148381280930339976e-01 4.038207515559761873e-01
9.175116856171537938e-01 3.977088215717236586e-01
9.201444105700866682e-01 3.915791921139678555e-01
9.227361857860998384e-01 3.854321359732738594e-01
9.252868959218709666e-01 3.792679267157569312e-01
9.277964274616216089e-01 3.730868386709075835e-01
9.302646687221691746e-01 3.668891469193831800e-01
9.326915098578969499e-01 3.606751272807657838e-01
9.350768428656425213e-01 3.544450563012870870e-01
9.374205615895047083e-01 3.481992112415213114e-01
9.397225617255677843e-01 3.419378700640459678e-01
9.419827408265432078e-01 3.356613114210715287e-01
9.442009983063287537e-01 3.293698146420404593e-01
9.463772354444855983e-01 3.230636597211959948e-01
9.485113553906308059e-01 3.167431273051215523e-01
9.506032631687484358e-01 3.104084986802506108e-01
9.526528656814157170e-01 3.040600557603488352e-01
9.546600717139465120e-01 2.976980810739676131e-01
9.566247919384502918e-01 2.913228577518707230e-01
9.585469389178082888e-01 2.849346695144337471e-01
9.604264271095639405e-01 2.785338006590177828e-01
9.622631728697305098e-01 2.721205360473170076e-01
9.640570944565129974e-01 2.656951610926813756e-01
9.658081120339464531e-01 2.592579617474146669e-01
9.675161476754484680e-01 2.528092244900485563e-01
9.691811253672876214e-01 2.463492363125933393e-01
9.708029710119659983e-01 2.398782847077657598e-01
9.723816124315171061e-01 2.333966576561944672e-01
9.739169793707178613e-01 2.269046436136039624e-01
9.754090035002154213e-01 2.204025314979771999e-01
9.768576184195675305e-01 2.138906106766977067e-01
9.782627596601982667e-01 2.073691709536716887e-01
9.796243646882668576e-01 2.008385025564307647e-01
9.809423729074505660e-01 1.942988961232157419e-01
9.822167256616414210e-01 1.877506426900421577e-01
9.834473662375566860e-01 1.811940336777482508e-01
9.846342398672631724e-01 1.746293608790254748e-01
9.857772937306137351e-01 1.680569164454328857e-01
9.868764769575990581e-01 1.614769928743952088e-01
9.879317406306105109e-01 1.548898829961856960e-01
9.889430377866179622e-01 1.482958799608941336e-01
9.899103234192593304e-01 1.416952772253805837e-01
9.908335544808436479e-01 1.350883685402155809e-01
9.917126898842669736e-01 1.284754479366070068e-01
9.925476905048407072e-01 1.218568097133147926e-01
9.933385191820329752e-01 1.152327484235535493e-01
9.940851407211221957e-01 1.086035588618838171e-01
9.947875218947637155e-01 1.019695360510926713e-01
9.954456314444679599e-01 9.533097522906422427e-02
9.960594400819922090e-01 8.868817183564035866e-02
9.966289204906437771e-01 8.204142149947267482e-02
9.971540473264952631e-01 7.539102002486591791e-02
9.976347972195130920e-01 6.873726337861364721e-02
9.980711487745975719e-01 6.208044767682660559e-02
9.984630825725342440e-01 5.542086917175453181e-02
9.988105811708589687e-01 4.875882423860184584e-02
9.991136291046339712e-01 4.209460936233789391e-02
9.993722128871358468e-01 3.542852112450228796e-02
9.995863210104557472e-01 2.876085619000599489e-02
9.997559439460118602e-01 2.209191129392862676e-02
9.998810741449732920e-01 1.542198322831270577e-02
9.999617060385960210e-01 8.751368828955335619e-03
9.999978360384706999e-01 2.080364962197939292e-03
9.999894625366821943e-01 -4.590731488285359867e-03
9.999365859058815253e-01 -1.126162363470012938e-02
9.998392084992689943e-01 -1.793201459834420017e-02
9.996973346504897107e-01 -2.460160752281984747e-02
9.995109706734401911e-01 -3.127010558724495348e-02
9.992801248619880283e-01 -3.793721201946261001e-02
9.990048074896024088e-01 -4.460263010924855887e-02
9.986850308088970340e-01 -5.126606322151584794e-02
9.983208090510846677e-01 -5.792721480951616014e-02
9.979121584253439758e-01 -6.458578842803723574e-02
9.974590971180982146e-01 -7.124148774659572192e-02
9.969616452922055450e-01 -7.789401656262494311e-02
9.964198250860621942e-01 -8.454307881465700225e-02
9.958336606126165780e-01 -9.118837859549860925e-02
9.952031779582969362e-01 -9.782962016539990813e-02
9.945284051818497062e-01 -1.044665079652160877e-01
9.938093723130914103e-01 -1.110987466295607351e-01
9.930461113515716143e-01 -1.177260409999507373e-01
9.922386562651492881e-01 -1.243480961379418021e-01
9.913870429884811264e-01 -1.309646173382543743e-01
9.904913094214219393e-01 -1.375753101418889790e-01
9.895514954273382235e-01 -1.441798803492308212e-01
9.885676428313341368e-01 -1.507780340331435487e-01
9.875397954183902094e-01 -1.573694775520464717e-01
9.864679989314143471e-01 -1.639539175629881329e-01
9.853523010692065709e-01 -1.705310610346974232e-01
9.841927514843359370e-01 -1.771006152606254824e-01
9.829894017809310824e-01 -1.836622878719722796e-01
9.817423055123833953e-01 -1.902157868506978711e-01
9.804515181789636991e-01 -1.967608205425184498e-01
9.791170972253527838e-01 -2.032970976698859067e-01
9.777391020380840070e-01 -2.098243273449507673e-01
9.763175939429015182e-01 -2.163422190825077251e-01
9.748526362020297764e-01 -2.228504828129233284e-01
9.733442940113592456e-01 -2.293488288950450427e-01
9.717926344975443831e-01 -2.358369681290913289e-01
9.701977267150164730e-01 -2.423146117695222368e-01
9.685596416429100852e-01 -2.487814715378893482e-01
9.668784521819047129e-01 -2.552372596356654588e-01
9.651542331509804784e-01 -2.616816887570524996e-01
9.633870612840875758e-01 -2.681144721017677535e-01
9.615770152267326676e-01 -2.745353233878073951e-01
9.597241755324775747e-01 -2.809439568641871610e-01
9.578286246593551434e-01 -2.873400873236593434e-01
9.558904469661994030e-01 -2.937234301154054705e-01
9.539097287088912358e-01 -3.000937011577041180e-01
9.518865580365196699e-01 -3.064506169505740174e-01
9.498210249874589062e-01 -3.127938945883903532e-01
9.477132214853611902e-01 -3.191232517724753026e-01
9.455632413350664178e-01 -3.254384068236614302e-01
9.433711802184266970e-01 -3.317390786948271608e-01
9.411371356900486429e-01 -3.380249869834046628e-01
9.388612071729519615e-01 -3.442958519438585885e-01
9.365434959541442117e-01 -3.505513945001358378e-01
9.341841051801137441e-01 -3.567913362580854564e-01
9.317831398522390396e-01 -3.630153995178480031e-01
9.293407068221156697e-01 -3.692233072862145526e-01
9.268569147868014335e-01 -3.754147832889535574e-01
9.243318742839783386e-01 -3.815895519831060678e-01
9.217656976870339802e-01 -3.877473385692487007e-01
9.191584992000596532e-01 -3.938878690037227459e-01
9.165103948527689726e-01 -4.000108700108305215e-01
9.138215024953328935e-01 -4.061160690949968122e-01
9.110919417931361286e-01 -4.122031945528961128e-01
9.083218342214505192e-01 -4.182719754855442895e-01
9.055113030600300261e-01 -4.243221418103544362e-01
9.026604733876233411e-01 -4.303534242731569259e-01
8.997694720764081167e-01 -4.363655544601817149e-01
8.968384277863444831e-01 -4.423582648100041204e-01
8.938674709594491841e-01 -4.483312886254519625e-01
8.908567338139903313e-01 -4.542843600854747366e-01
8.878063503386034450e-01 -4.602172142569734281e-01
8.847164562863283344e-01 -4.661295871065913032e-01
8.815871891685677086e-01 -4.720212155124638986e-01
8.784186882489674053e-01 -4.778918372759294320e-01
8.752110945372183481e-01 -4.837411911331970238e-01
8.719645507827815667e-01 -4.895690167669742299e-01
8.686792014685351671e-01 -4.953750548180520519e-01
8.653551928043441421e-01 -5.011590468968473155e-01
8.619926727205536876e-01 -5.069207355949018057e-01
8.585917908614059124e-01 -5.126598644963381579e-01
8.551526985783797219e-01 -5.183761781892710641e-01
8.516755489234553167e-01 -5.240694222771741240e-01
8.481604966423031966e-01 -5.297393433902012339e-01
8.446076981673968920e-01 -5.353856891964626774e-01
8.410173116110514213e-01 -5.410082084132548097e-01
8.373894967583864757e-01 -5.466066508182426675e-01
8.337244150602158843e-01 -5.521807672605963946e-01
8.300222296258620291e-01 -5.577303096720787057e-01
8.262831052158969847e-01 -5.632550310780852776e-01
8.225072082348104940e-01 -5.687546856086357350e-01
8.186947067236035602e-01 -5.742290285093160085e-01
8.148457703523106499e-01 -5.796778161521702888e-01
8.109605704124488446e-01 -5.851008060465441307e-01
8.070392798093940501e-01 -5.904977568498753770e-01
8.030820730546869290e-01 -5.958684283784352331e-01
7.990891262582660026e-01 -6.012125816180171611e-01
7.950606171206300310e-01 -6.065299787345740379e-01
7.909967249249302279e-01 -6.118203830848022440e-01
7.868976305289910878e-01 -6.170835592266734615e-01
7.827635163572614907e-01 -6.223192729299127368e-01
7.785945663926965299e-01 -6.275272911864223646e-01
7.743909661685693946e-01 -6.327073822206514819e-01
7.701529027602145305e-01 -6.378593154999114834e-01
7.658805647767018554e-01 -6.429828617446348149e-01
7.615741423524435838e-01 -6.480777929385792557e-01
7.572338271387317743e-01 -6.531438823389753567e-01
7.528598122952099292e-01 -6.581809044866170355e-01
7.484522924812759825e-01 -6.631886352158957720e-01
7.440114638474198960e-01 -6.681668516647765177e-01
7.395375240264936423e-01 -6.731153322847157616e-01
7.350306721249165731e-01 -6.780338568505214214e-01
7.304911087138136194e-01 -6.829222064701536699e-01
7.259190358200899862e-01 -6.877801635944663650e-01
7.213146569174394562e-01 -6.926075120268886387e-01
7.166781769172895222e-01 -6.974040369330465339e-01
7.120098021596823479e-01 -7.021695248503241338e-01
7.073097404040911140e-01 -7.069037636973629635e-01
7.025782008201746365e-01 -7.116065427835007728e-01
6.978153939784683679e-01 -7.162776528181477032e-01
6.930215318410132275e-01 -7.209168859201007251e-01
6.881968277519223687e-01 -7.255240356267950164e-01
6.833414964278869963e-01 -7.300988969034921672e-01
6.784557539486202327e-01 -7.346412661524053256e-01
6.735398177472412540e-01 -7.391509412217595054e-01
6.685939066005983644e-01 -7.436277214147885006e-01
6.636182406195327843e-01 -7.480714074986664075e-01
6.586130412390830413e-01 -7.524818017133743098e-01
6.535785312086300758e-01 -7.568587077805010166e-01
6.485149345819841704e-01 -7.612019309119787414e-01
6.434224767074139262e-01 -7.655112778187512790e-01
6.383013842176171737e-01 -7.697865567193764580e-01
6.331518850196353743e-01 -7.740275773485608690e-01
6.279742082847105111e-01 -7.782341509656275358e-01
6.227685844380863589e-01 -7.824060903629151964e-01
6.175352451487536865e-01 -7.865432098741101941e-01
6.122744233191405039e-01 -7.906453253825093119e-01
6.069863530747462432e-01 -7.947122543292128860e-01
6.016712697537232035e-01 -7.987438157212501944e-01
5.963294098964027068e-01 -8.027398301396337921e-01
5.909610112347680744e-01 -8.067001197473447904e-01
5.855663126818752007e-01 -8.106245082972463045e-01
5.801455543212196142e-01 -8.145128211399282891e-01
5.746989773960520242e-01 -8.183648852314791000e-01
5.692268242986423532e-01 -8.221805291411872219e-01
5.637293385594919215e-01 -8.259595830591699439e-01
5.582067648364958945e-01 -8.297018788039309811e-01
5.526593489040549922e-01 -8.334072498298451537e-01
5.470873376421376832e-01 -8.370755312345700139e-01
5.414909790252930843e-01 -8.407065597663846424e-01
5.358705221116150108e-01 -8.443001738314549476e-01
5.302262170316583978e-01 -8.478562135010255796e-01
5.245583149773074272e-01 -8.513745205185364595e-01
5.188670681905963589e-01 -8.548549383066668117e-01
5.131527299524840657e-01 -8.582973119743023682e-01
5.074155545715822724e-01 -8.617014883234296319e-01
5.016557973728374975e-01 -8.650673158559527565e-01
4.958737146861684764e-01 -8.683946447804364865e-01
4.900695638350586192e-01 -8.716833270187720473e-01
4.842436031251038941e-01 -8.749332162127672063e-01
4.783960918325175227e-01 -8.781441677306599525e-01
4.725272901925911540e-01 -8.813160386735547913e-01
4.666374593881135180e-01 -8.844486878817825470e-01
4.607268615377468346e-01 -8.875419759411821152e-01
4.547957596843616446e-01 -8.905957651893053884e-01
4.488444177833302295e-01 -8.936099197215434664e-01
4.428731006907800083e-01 -8.965843053971747079e-01
4.368820741518061324e-01 -8.995187898453348430e-01
4.308716047886451683e-01 -9.024132424709078171e-01
4.248419600888092007e-01 -9.052675344603376972e-01
4.187934083931818541e-01 -9.080815387873610867e-01
4.127262188840760682e-01 -9.108551302186609355e-01
4.066406615732545693e-01 -9.135881853194390834e-01
4.005370072899132605e-01 -9.162805824589103088e-01
3.944155276686285849e-01 -9.189322018157146665e-01
3.882764951372684736e-01 -9.215429253832502221e-01
3.821201829048687104e-01 -9.241126369749250724e-01
3.759468649494738246e-01 -9.266412222293275436e-01
3.697568160059441777e-01 -9.291285686153162304e-01
3.635503115537293550e-01 -9.315745654370273243e-01
3.573276278046083609e-01 -9.339791038388017830e-01
3.510890416903969524e-01 -9.363420768100292335e-01
3.448348308506234416e-01 -9.386633791899106072e-01
3.385652736201726909e-01 -9.409429076721379515e-01
3.322806490168990767e-01 -9.431805608094923077e-01
3.259812367292093671e-01 -9.453762390183577669e-01
3.196673171036154559e-01 -9.475298445831543681e-01
3.133391711322578432e-01 -9.496412816606856211e-01
3.069970804404008602e-01 -9.517104562844048710e-01
3.006413272738988063e-01 -9.537372763685963983e-01
2.942721944866354411e-01 -9.557216517124741406e-01
2.878899655279357206e-01 -9.576634940041955923e-01
2.814949244299513875e-01 -9.595627168247919947e-01
2.750873557950204162e-01 -9.614192356520144811e-01
2.686675447830012553e-01 -9.632329678640957349e-01
2.622357770985822567e-01 -9.650038327434262708e-01
2.557923389785666246e-01 -9.667317514801476719e-01
2.493375171791340494e-01 -9.684166471756591177e-01
2.428715989630788052e-01 -9.700584448460398690e-01
2.363948720870256426e-01 -9.716570714253865981e-01
2.299076247886235880e-01 -9.732124557690645661e-01
2.234101457737183993e-01 -9.747245286568743117e-01
2.169027242035038716e-01 -9.761932227961320763e-01
2.103856496816534083e-01 -9.776184728246641864e-01
2.038592122414314700e-01 -9.790002153137163932e-01
1.973237023327860107e-01 -9.803383887707765032e-01
1.907794108094225394e-01 -9.816329336423109675e-01
1.842266289158600023e-01 -9.828837923164152057e-01
1.776656482744693455e-01 -9.840909091253777774e-01
1.710967608724952849e-01 -9.852542303481575114e-01
1.645202590490618677e-01 -9.863737042127742605e-01
1.579364354821622962e-01 -9.874492808986133907e-01
1.513455831756336245e-01 -9.884809125386424533e-01
1.447479954461172169e-01 -9.894685532215417023e-01
1.381439659100049122e-01 -9.904121589937471271e-01
1.315337884703721705e-01 -9.913116878614068872e-01
1.249177573038982303e-01 -9.921670997922499291e-01
1.182961668477742756e-01 -9.929783567173674497e-01
1.116693117865998758e-01 -9.937454225329076518e-01
1.050374870392684484e-01 -9.944682631016816821e-01
9.840098774584234154e-02 -9.951468462546834148e-01
9.176010925441802080e-02 -9.957811417925211961e-01
8.511514710798201433e-02 -9.963711214867613242e-01
7.846639703125821153e-02 -9.969167590811847113e-01
7.181415491754697400e-02 -9.974180302929552822e-01
6.515871681555694683e-02 -9.978749128137003321e-01
5.850037891622970193e-02 -9.982873863105040657e-01
5.183943753955823353e-02 -9.986554324268116511e-01
4.517618912139966664e-02 -9.989790347832468997e-01
3.851093020028274749e-02 -9.992581789783403501e-01
3.184395740421085835e-02 -9.994928525891711990e-01
2.517556743746095921e-02 -9.996830451719194155e-01
1.850605706737923351e-02 -9.998287482623305911e-01
1.183572311117382300e-02 -9.999299553760931936e-01
5.164862422705421112e-03 -9.999866620091262259e-01
-1.506228120723796709e-03 -9.999988656377807317e-01
-8.177251631582282965e-03 -9.999665657189513723e-01
-1.484791122532167981e-02 -9.998897636901005193e-01
-2.151791003358925411e-02 -9.997684629691948599e-01
-2.818695121743959933e-02 -9.996026689545529642e-01
-3.485473798054504468e-02 -9.993923890246050323e-01
-4.152097358240414843e-02 -9.991376325375644907e-01
-4.818536135154773831e-02 -9.988384108310116583e-01
-5.484760469874182948e-02 -9.984947372213889283e-01
-6.150740713018695155e-02 -9.981066270034085752e-01
-6.816447226071314924e-02 -9.976740974493717440e-01
-7.481850382697019519e-02 -9.971971678083997315e-01
-8.146920570061243205e-02 -9.966758593055774496e-01
-8.811628190147746675e-02 -9.961101951410091804e-01
-9.475943661075839075e-02 -9.955002004887852918e-01
-1.013983741841687908e-01 -9.948459024958625774e-01
-1.080327991650999742e-01 -9.941473302808558898e-01
-1.146624162977698536e-01 -9.934045149327422886e-01
-1.212869305403628528e-01 -9.926174895094772577e-01
-1.279060470781604175e-01 -9.917862890365239936e-01
-1.345194713366612560e-01 -9.909109505052939859e-01
-1.411269089946909638e-01 -9.899915128715014445e-01
-1.477280659975004073e-01 -9.890280170534291315e-01
-1.543226485698522554e-01 -9.880205059301075954e-01
-1.609103632290948827e-01 -9.869690243394069196e-01
-1.674909167982236435e-01 -9.858736190760408746e-01
-1.740640164189280470e-01 -9.847343388894850280e-01
-1.806293695646251918e-01 -9.835512344818068131e-01
-1.871866840534781584e-01 -9.823243585054090010e-01
-1.937356680613991911e-01 -9.810537655606870189e-01
-2.002760301350369476e-01 -9.797395121935982276e-01
-2.068074792047470967e-01 -9.783816568931462676e-01
-2.133297245975460943e-01 -9.769802600887773636e-01
-2.198424760500471697e-01 -9.755353841476916976e-01
-2.263454437213779924e-01 -9.740470933720671853e-01
-2.328383382060797424e-01 -9.725154539961980982e-01
-2.393208705469866415e-01 -9.709405341835474212e-01
-2.457927522480855276e-01 -9.693224040237135020e-01
-2.522536952873551397e-01 -9.676611355293103234e-01
-2.587034121295839206e-01 -9.659568026327629564e-01
-2.651416157391665585e-01 -9.642094811830176360e-01
-2.715680195928780183e-01 -9.624192489421656838e-01
-2.779823376926247036e-01 -9.605861855819828321e-01
-2.843842845781727746e-01 -9.587103726803840598e-01
-2.907735753398518197e-01 -9.567918937177924965e-01
-2.971499256312343795e-01 -9.548308340734247279e-01
-3.035130516817907131e-01 -9.528272810214906130e-01
-3.098626703095172519e-01 -9.507813237273097240e-01
-3.161984989335392404e-01 -9.486930532433430763e-01
-3.225202555866868992e-01 -9.465625625051405923e-01
-3.288276589280436091e-01 -9.443899463272055206e-01
-3.351204282554669511e-01 -9.421753013987749226e-01
-3.413982835180805475e-01 -9.399187262795163367e-01
-3.476609453287378138e-01 -9.376203213951413984e-01
-3.539081349764552908e-01 -9.352801890329374146e-01
-3.601395744388164455e-01 -9.328984333372138948e-01
-3.663549863943447171e-01 -9.304751603046690356e-01
-3.725540942348452012e-01 -9.280104777796714943e-01
-3.787366220777148573e-01 -9.255044954494614506e-01
-3.849022947782200776e-01 -9.229573248392691776e-01
-3.910508379417418912e-01 -9.203690793073513454e-01
-3.971819779359871960e-01 -9.177398740399466126e-01
-4.032954419031666293e-01 -9.150698260461490596e-01
-4.093909577721375759e-01 -9.123590541527013542e-01
-4.154682542705124826e-01 -9.096076789987058708e-01
-4.215270609367311461e-01 -9.068158230302564293e-01
-4.275671081320976397e-01 -9.039836104949885431e-01
-4.335881270527798259e-01 -9.011111674365502866e-01
-4.395898497417722872e-01 -8.981986216889926711e-01
-4.455720091008213979e-01 -8.952461028710806401e-01
-4.515343389023120380e-01 -8.922537423805247947e-01
-4.574765738011158378e-01 -8.892216733881334045e-01
-4.633984493463997323e-01 -8.861500308318858155e-01
-4.692997019933953240e-01 -8.830389514109274751e-01
-4.751800691151272793e-01 -8.798885735794861329e-01
-4.810392890141013678e-01 -8.766990375407103242e-01
-4.868771009339507017e-01 -8.734704852404295838e-01
-4.926932450710406197e-01 -8.702030603608376103e-01
-4.984874625860308273e-01 -8.668969083140973808e-01
-5.042594956153942931e-01 -8.635521762358705500e-01
-5.100090872828939581e-01 -8.601690129787689099e-01
-5.157359817110134248e-01 -8.567475691057298004e-01
-5.214399240323456253e-01 -8.532879968833158024e-01
-5.271206604009346375e-01 -8.497904502749383804e-01
-5.327779380035730927e-01 -8.462550849340054748e-01
-5.384115050710527317e-01 -8.426820581969950430e-01
-5.440211108893697745e-01 -8.390715290764524381e-01
