# Time Signal
0.000000000000000000e+00 -1.612418788477256171e-01
1.001001001001000992e-03 7.126565316944259987e-01
2.002002002002001985e-03 1.317548741751359387e+00
3.003003003003002977e-03 1.365316623577886190e+00
4.004004004004003969e-03 1.264867363229975172e+00
5.005005005005004962e-03 7.341500917566043949e-01
6.006006006006005954e-03 7.533964957974514931e-01
7.007007007007006946e-03 5.414439686218739389e-01
8.008008008008007939e-03 2.603137895094448928e-01
9.009009009009008931e-03 2.843837543168477033e-01
1.001001001001000992e-02 -2.631926265024042005e-02
1.101101101101101092e-02 -1.393003651864569425e-01
1.201201201201201191e-02 -2.153287175155214894e-01
1.301301301301301290e-02 -2.467449491915629234e-01
1.401401401401401389e-02 -5.483049541306727059e-01
1.501501501501501488e-02 -7.736322520317862050e-01
1.601601601601601588e-02 -1.061275100368022750e+00
1.701701701701701513e-02 -1.368461966946268316e+00
1.801801801801801786e-02 -1.254982086512044681e+00
1.901901901901902059e-02 -7.398420766801391268e-01
2.002002002002001985e-02 1.491578893445485443e-01
2.102102102102101910e-02 5.827609667219680878e-01
2.202202202202202183e-02 1.380561891326153034e+00
2.302302302302302456e-02 1.662986979033818535e+00
2.402402402402402382e-02 1.374325007695615941e+00
2.502502502502502307e-02 6.963490890442965986e-01
2.602602602602602580e-02 6.750161242094330216e-01
2.702702702702702853e-02 3.222407887216063305e-01
2.802802802802802778e-02 3.929019806146985538e-01
2.902902902902902704e-02 9.839329345269524907e-02
3.003003003003002977e-02 1.224041328773796122e-01
3.103103103103103250e-02 -2.601581489294688687e-01
3.203203203203203175e-02 -3.257605427852151014e-01
3.303303303303303101e-02 -3.978082229942709325e-01
3.403403403403403027e-02 -5.717769314901737232e-01
3.503503503503503647e-02 -8.385460391927833657e-01
3.603603603603603572e-02 -1.126514755723686312e+00
3.703703703703703498e-02 -1.363212798114455726e+00
3.803803803803804118e-02 -1.258066591117064981e+00
3.903903903903904044e-02 -6.964545049636173824e-01
4.004004004004003969e-02 -2.643428326109100723e-01
4.104104104104103895e-02 9.038838891381910656e-01
4.204204204204203821e-02 1.268861137326743105e+00
4.304304304304304440e-02 1.401547611121470638e+00
4.404404404404404366e-02 1.037116766980198390e+00
4.504504504504504292e-02 6.181303417883332596e-01
4.604604604604604912e-02 4.920403269841305272e-01
4.704704704704704837e-02 5.390978279244309501e-01
4.804804804804804763e-02 3.022578594358789617e-01
4.904904904904904689e-02 6.927637389950429270e-02
5.005005005005004615e-02 -7.893966346035563575e-02
5.105105105105105234e-02 -4.803893707136869251e-02
5.205205205205205160e-02 -4.768563011382234151e-01
5.305305305305305086e-02 -3.129993022538335445e-01
5.405405405405405705e-02 -5.313741621958869565e-01
5.505505505505505631e-02 -9.948943439397220923e-01
5.605605605605605557e-02 -1.146804284011558206e+00
5.705705705705705483e-02 -1.314740364063329059e+00
5.805805805805805409e-02 -1.157155847183966690e+00
5.905905905905906028e-02 -6.772782567259907349e-01
6.006006006006005954e-02 1.270120103460279370e-01
6.106106106106105880e-02 5.731557853956169568e-01
6.206206206206206499e-02 1.191699209574581086e+00
6.306306306306305731e-02 1.373160366555416623e+00
6.406406406406406351e-02 1.184621719329768119e+00
6.506506506506506970e-02 8.276524553692587993e-01
6.606606606606606202e-02 5.225291959218643090e-01
6.706706706706706822e-02 2.838548032083518802e-01
6.806806806806806054e-02 2.205051861701335381e-01
6.906906906906906674e-02 1.732504957598937079e-01
7.007007007007007293e-02 -8.580485685512523331e-02
7.107107107107106525e-02 -1.975296429727075032e-01
7.207207207207207145e-02 -3.413401938263654900e-01
7.307307307307307764e-02 -5.356060679417993242e-01
7.407407407407406996e-02 -4.034270825442990982e-01
7.507507507507507616e-02 -8.487463825598819955e-01
7.607607607607608236e-02 -9.880298787182726361e-01
7.707707707707707467e-02 -1.365814963675926696e+00
7.807807807807808087e-02 -1.244047083360915629e+00
7.907907907907907319e-02 -5.115445618200427091e-01
8.008008008008007939e-02 8.496340328268045528e-02
8.108108108108108558e-02 9.357353148958225120e-01
8.208208208208207790e-02 1.478152039483785263e+00
8.308308308308308410e-02 1.424021311495447861e+00
8.408408408408407642e-02 1.159514096238292380e+00
8.508508508508508261e-02 7.980657010476238655e-01
8.608608608608608881e-02 2.656440097636332820e-01
8.708708708708708113e-02 3.683375516065476307e-01
8.808808808808808732e-02 5.267211789873493810e-01
8.908908908908909352e-02 9.497677625339238927e-02
9.009009009009008584e-02 8.086627209262028937e-02
9.109109109109109204e-02 -2.877530261315690563e-01
9.209209209209209823e-02 -1.406884535287792892e-01
9.309309309309309055e-02 -4.656610316281751261e-01
9.409409409409409675e-02 -4.988305313613858316e-01
9.509509509509508907e-02 -8.197575667652793330e-01
9.609609609609609526e-02 -1.070743502104490652e+00
9.709709709709710146e-02 -1.492705692598627065e+00
9.809809809809809378e-02 -1.191756454836048196e+00
9.909909909909909997e-02 -5.903121483102432565e-01
1.001001001001000923e-01 6.362753238841134529e-02
1.011011011011010985e-01 9.097763789918286159e-01
1.021021021021021047e-01 1.303724627521904766e+00
1.031031031031030970e-01 1.431523126519284039e+00
1.041041041041041032e-01 9.525953284729714587e-01
1.051051051051051094e-01 8.330515984981901045e-01
1.061061061061061017e-01 4.615920458880961585e-01
1.071071071071071079e-01 2.292567886486742146e-01
1.081081081081081141e-01 3.200606060005384279e-01
1.091091091091091064e-01 3.050869216216453572e-02
1.101101101101101126e-01 -3.029706393524659105e-02
1.111111111111111049e-01 -1.036377453666445791e-01
1.121121121121121111e-01 -2.153744754987426124e-01
1.131131131131131173e-01 -4.572838111251387727e-01
1.141141141141141097e-01 -5.022457531344202142e-01
1.151151151151151159e-01 -7.563856668647526149e-01
1.161161161161161082e-01 -1.009862667020780203e+00
1.171171171171171144e-01 -1.384072617518606219e+00
1.181181181181181206e-01 -1.171705956169001306e+00
1.191191191191191129e-01 -5.110175059998850466e-01
1.201201201201201191e-01 1.507085800926089014e-01
1.211211211211211253e-01 7.065891989833090747e-01
1.221221221221221176e-01 1.396704484415157710e+00
1.231231231231231238e-01 1.365650568947354371e+00
1.241241241241241300e-01 1.142111742051185264e+00
1.251251251251251362e-01 8.129708502592674080e-01
1.261261261261261146e-01 5.019896917706471173e-01
1.271271271271271208e-01 3.032650809616900811e-01
1.281281281281281270e-01 3.104699087422421733e-01
1.291291291291291332e-01 1.863994475319017130e-01
1.301301301301301394e-01 -7.942081479280746481e-02
1.311311311311311179e-01 -2.174082806219314601e-01
1.321321321321321240e-01 -1.584305914129717219e-01
1.331331331331331302e-01 -3.987253543719138649e-01
1.341341341341341364e-01 -4.031542874999656245e-01
1.351351351351351426e-01 -9.455186198754065297e-01
1.361361361361361211e-01 -1.085966699972954252e+00
1.371371371371371273e-01 -1.441766499009001334e+00
1.381381381381381335e-01 -1.314811228845884195e+00
1.391391391391391397e-01 -5.322165180984564925e-01
1.401401401401401459e-01 1.686522506190887005e-01
1.411411411411411521e-01 8.259136083221828573e-01
1.421421421421421305e-01 1.233648910876363747e+00
1.431431431431431367e-01 1.425342312176955506e+00
1.441441441441441429e-01 9.391696354092540222e-01
1.451451451451451491e-01 7.250183275122061843e-01
1.461461461461461553e-01 6.110236360295570046e-01
1.471471471471471337e-01 5.266889439534183648e-01
1.481481481481481399e-01 2.241819139004800343e-01
1.491491491491491461e-01 4.237176688290589244e-01
1.501501501501501523e-01 -1.879734047976123756e-01
1.511511511511511585e-01 -1.631692835670176256e-01
1.521521521521521647e-01 -4.293318450589760915e-01
1.531531531531531432e-01 -3.174501935907897976e-01
1.541541541541541493e-01 -5.895692880960466953e-01
1.551551551551551555e-01 -9.299828847369027152e-01
1.561561561561561617e-01 -1.106444835730075349e+00
1.571571571571571679e-01 -1.354521912477229195e+00
1.581581581581581464e-01 -1.304835902494951183e+00
1.591591591591591526e-01 -7.544741402489190119e-01
1.601601601601601588e-01 2.124898484659443754e-01
1.611611611611611650e-01 9.191006227080456004e-01
1.621621621621621712e-01 1.373411198193822846e+00
1.631631631631631496e-01 1.198795646312468044e+00
1.641641641641641558e-01 8.940672248992823645e-01
1.651651651651651620e-01 7.067849761830822253e-01
1.661661661661661682e-01 6.491889953014372550e-01
1.671671671671671744e-01 4.079980064315615329e-01
1.681681681681681528e-01 3.481386088488168107e-01
1.691691691691691590e-01 2.509761237859741700e-01
1.701701701701701652e-01 2.360917277435978234e-02
1.711711711711711714e-01 -2.841050693997659859e-02
1.721721721721721776e-01 -2.439654150709333336e-01
1.731731731731731838e-01 -5.204325790343459213e-01
1.741741741741741623e-01 -5.777667993578224914e-01
1.751751751751751685e-01 -7.452676796039322538e-01
1.761761761761761746e-01 -1.210525219723637358e+00
1.771771771771771808e-01 -1.314964403162109718e+00
1.781781781781781870e-01 -1.343520115491522393e+00
1.791791791791791655e-01 -5.176750626034271052e-01
1.801801801801801717e-01 7.657902496408025561e-02
1.811811811811811779e-01 8.363673469083051648e-01
1.821821821821821841e-01 1.138654592205152305e+00
1.831831831831831903e-01 1.323775431281634551e+00
1.841841841841841965e-01 1.067789511944794212e+00
1.851851851851851749e-01 8.631948712985862970e-01
1.861861861861861811e-01 3.399682928745701993e-01
1.871871871871871873e-01 3.632109161674358377e-01
1.881881881881881935e-01 4.002365194507158663e-01
1.891891891891891997e-01 1.824399973434399636e-01
1.901901901901901781e-01 -2.792957857163654856e-01
1.911911911911911843e-01 -2.090469495922600562e-01
1.921921921921921905e-01 -2.456853373622636949e-01
1.931931931931931967e-01 -5.656868434591627581e-01
1.941941941941942029e-01 -4.958419324439127807e-01
1.951951951951951814e-01 -1.118756795541458127e+00
1.961961961961961876e-01 -1.132525585337367691e+00
1.971971971971971938e-01 -1.482018450214024785e+00
1.981981981981981999e-01 -1.127247139573656964e+00
1.991991991991992061e-01 -6.121123326776151119e-01
2.002002002002001846e-01 1.328768414889784366e-01
2.012012012012011908e-01 8.246987454963438102e-01
2.022022022022021970e-01 1.357622132586178365e+00
2.032032032032032032e-01 1.436295206287700799e+00
2.042042042042042094e-01 1.070853624318663044e+00
2.052052052052052156e-01 5.736274914657318869e-01
2.062062062062061940e-01 5.404885272440317356e-01
2.072072072072072002e-01 5.157163897766248173e-01
2.082082082082082064e-01 3.309563184918803969e-01
2.092092092092092126e-01 2.375567660368456957e-01
2.102102102102102188e-01 2.700305047227154198e-02
2.112112112112111972e-01 -2.844518888903980192e-01
2.122122122122122034e-01 -1.370132049819610953e-01
2.132132132132132096e-01 -4.558276775984583806e-01
2.142142142142142158e-01 -5.606160734899601206e-01
2.152152152152152220e-01 -8.527580580725139248e-01
2.162162162162162282e-01 -1.330179154012906428e+00
2.172172172172172067e-01 -1.524592579231034195e+00
2.182182182182182129e-01 -1.280568957747002745e+00
2.192192192192192191e-01 -6.046790762698208699e-01
2.202202202202202252e-01 2.531389672942395141e-01
2.212212212212212314e-01 9.716695712934555473e-01
2.222222222222222099e-01 1.290767936219108236e+00
2.232232232232232161e-01 1.353053026259227076e+00
2.242242242242242223e-01 1.202561639291901852e+00
2.252252252252252285e-01 5.828858472252329559e-01
2.262262262262262347e-01 4.699587870077779894e-01
2.272272272272272131e-01 3.210497533425937799e-01
2.282282282282282193e-01 1.772544854183314977e-01
2.292292292292292255e-01 1.676616545754088528e-01
2.302302302302302317e-01 -5.441203017902483674e-03
2.312312312312312379e-01 -3.522623683511615367e-01
2.322322322322322163e-01 -4.210433447974181731e-01
2.332332332332332225e-01 -2.728908560683713791e-01
2.342342342342342287e-01 -6.037176241516220010e-01
2.352352352352352349e-01 -7.706266763445649426e-01
2.362362362362362411e-01 -1.191321807543860301e+00
2.372372372372372473e-01 -1.310238347694826722e+00
2.382382382382382258e-01 -1.172661166069248750e+00
2.392392392392392320e-01 -6.138694133575349765e-01
2.402402402402402382e-01 3.692428815834659650e-01
2.412412412412412444e-01 9.553735088383313867e-01
2.422422422422422505e-01 1.395331397436629928e+00
2.432432432432432290e-01 1.259749549654525680e+00
2.442442442442442352e-01 1.141366436577442300e+00
2.452452452452452414e-01 6.998733634716929330e-01
2.462462462462462476e-01 5.445092391396366693e-01
2.472472472472472538e-01 2.318283256453468610e-01
2.482482482482482600e-01 4.075995221852264372e-01
2.492492492492492384e-01 -8.579071690569600728e-02
2.502502502502502724e-01 -5.967541765324463343e-02
2.512512512512512508e-01 -7.708237994320632502e-03
2.522522522522522292e-01 -3.237552138042659178e-01
2.532532532532532632e-01 -3.115466471200024623e-01
2.542542542542542416e-01 -6.697031575182778029e-01
2.552552552552552756e-01 -8.966565660118439585e-01
2.562562562562562540e-01 -1.364354078201105436e+00
2.572572572572572325e-01 -1.391797749053374167e+00
2.582582582582582664e-01 -9.503785274912868175e-01
2.592592592592592449e-01 -5.215833134845313523e-01
2.602602602602602788e-01 1.963354129452810626e-01
2.612612612612612573e-01 9.758946447706744465e-01
2.622622622622622357e-01 1.226102692451348286e+00
2.632632632632632697e-01 1.203702090439139560e+00
2.642642642642642481e-01 1.151474132709295217e+00
2.652652652652652820e-01 7.959271677620387564e-01
2.662662662662662605e-01 5.292594847757116083e-01
2.672672672672672389e-01 2.667182623497302285e-01
2.682682682682682729e-01 2.480970743764977504e-01
2.692692692692692513e-01 -1.205596354530104608e-01
2.702702702702702853e-01 -5.674693412357298405e-02
2.712712712712712637e-01 -1.941388704204212168e-01
2.722722722722722422e-01 -2.940446894600460270e-01
2.732732732732732761e-01 -5.340171677664392602e-01
2.742742742742742545e-01 -5.496048413800245225e-01
2.752752752752752885e-01 -9.985113134237078025e-01
2.762762762762762669e-01 -1.266464120259659598e+00
2.772772772772773009e-01 -1.292567796970276017e+00
2.782782782782782793e-01 -1.264283911132145111e+00
2.792792792792792578e-01 -5.178032413977530224e-01
2.802802802802802917e-01 4.538698208825334146e-02
2.812812812812812702e-01 1.059168742335460545e+00
2.822822822822823041e-01 1.342273456115789187e+00
2.832832832832832826e-01 1.198359700452247933e+00
2.842842842842842610e-01 1.019817982397075884e+00
2.852852852852852950e-01 7.083497092531187977e-01
2.862862862862862734e-01 3.220225353748507047e-01
2.872872872872873073e-01 3.766404092283670013e-01
2.882882882882882858e-01 2.665726730870390804e-01
2.892892892892892642e-01 1.433271619036065592e-01
2.902902902902902982e-01 -7.251639526721978535e-02
2.912912912912912766e-01 -6.540295196644640985e-02
2.922922922922923106e-01 -4.805238607924864347e-01
2.932932932932932890e-01 -4.661120943079815060e-01
2.942942942942942675e-01 -5.492033978978476672e-01
2.952952952952953014e-01 -8.181448659462694506e-01
2.962962962962962798e-01 -1.163010105414559403e+00
2.972972972972973138e-01 -1.332347179309722573e+00
2.982982982982982922e-01 -1.128075402654322490e+00
2.992992992992992707e-01 -5.819831330631561883e-01
3.003003003003003046e-01 2.684607459511103578e-01
3.013013013013012831e-01 1.028321450687696315e+00
3.023023023023023170e-01 1.058207354523877264e+00
3.033033033033032955e-01 1.364881434557819961e+00
3.043043043043043294e-01 1.142422419976114600e+00
3.053053053053053079e-01 7.234562170636080758e-01
3.063063063063062863e-01 5.329462223550480715e-01
3.073073073073073203e-01 2.491805285001395531e-01
3.083083083083082987e-01 2.179533268753550690e-01
3.093093093093093326e-01 -1.635046042500545860e-02
3.103103103103103111e-01 -3.083446924843656345e-01
3.113113113113112895e-01 -9.837641204677287365e-02
3.123123123123123235e-01 -2.996059716784302274e-01
3.133133133133133019e-01 -6.223415776656691101e-01
3.143143143143143359e-01 -5.591457194702955658e-01
3.153153153153153143e-01 -9.940307951502479478e-01
3.163163163163162928e-01 -1.168105206614607816e+00
3.173173173173173267e-01 -1.221741381521557868e+00
3.183183183183183051e-01 -1.124179195932270447e+00
3.193193193193193391e-01 -6.110554292770653539e-01
3.203203203203203175e-01 3.330212701561293676e-01
3.213213213213212960e-01 9.784965155651514923e-01
3.223223223223223299e-01 1.305510710645169770e+00
3.233233233233233084e-01 1.492850908054139225e+00
3.243243243243243423e-01 1.074160513626885471e+00
3.253253253253253208e-01 5.947417260668875771e-01
3.263263263263262992e-01 4.422167762518601219e-01
3.273273273273273332e-01 3.540274488347768811e-01
3.283283283283283116e-01 1.489138496947715884e-01
3.293293293293293456e-01 4.980037944471910061e-02
3.303303303303303240e-01 -7.873158646521501158e-02
3.313313313313313024e-01 -1.912881588822124834e-01
3.323323323323323364e-01 -4.916391530218021666e-01
3.333333333333333148e-01 -5.178449665702561378e-01
3.343343343343343488e-01 -6.701017435730369787e-01
3.353353353353353272e-01 -9.980870094438998308e-01
3.363363363363363057e-01 -1.188282529381828656e+00
3.373373373373373396e-01 -1.473581182773638920e+00
3.383383383383383181e-01 -1.040587219808005948e+00
3.393393393393393520e-01 -5.799310793991020452e-01
3.403403403403403304e-01 2.051802429436703212e-01
3.413413413413413644e-01 9.133774012721723734e-01
3.423423423423423428e-01 1.398145074726174553e+00
3.433433433433433213e-01 1.334866814633170806e+00
3.443443443443443552e-01 9.513549321843289830e-01
3.453453453453453337e-01 6.429506165714982124e-01
3.463463463463463676e-01 5.436002357801874574e-01
3.473473473473473461e-01 3.815558028609010721e-01
3.483483483483483245e-01 2.023043342776792985e-01
3.493493493493493585e-01 1.150989820690708904e-01
3.503503503503503369e-01 2.211390636799046017e-02
3.513513513513513709e-01 -1.781951111325941195e-01
3.523523523523523493e-01 -3.933111729396281953e-01
3.533533533533533277e-01 -5.263886986051299344e-01
3.543543543543543617e-01 -6.312228288141468191e-01
3.553553553553553401e-01 -7.872248748078848335e-01
3.563563563563563741e-01 -1.086332562173673466e+00
3.573573573573573525e-01 -1.356223364004773613e+00
3.583583583583583310e-01 -1.218645868149117018e+00
3.593593593593593649e-01 -3.546095549791067336e-01
3.603603603603603434e-01 3.179480044501713509e-01
3.613613613613613773e-01 9.529840681954411252e-01
3.623623623623623557e-01 1.346403488877685239e+00
3.633633633633633342e-01 1.345736128153691702e+00
3.643643643643643681e-01 9.287367281655146689e-01
3.653653653653653466e-01 7.076678781792735684e-01
3.663663663663663805e-01 2.304650516564921425e-01
3.673673673673673590e-01 6.109726972728595218e-01
3.683683683683683929e-01 1.172791005242198592e-01
3.693693693693693714e-01 6.755960309469266623e-02
3.703703703703703498e-01 -1.171659941112435377e-01
3.713713713713713838e-01 -2.801736203424816107e-01
3.723723723723723622e-01 -2.712594893559521214e-01
3.733733733733733962e-01 -4.022815884758926264e-01
3.743743743743743746e-01 -4.112211918340741290e-01
3.753753753753753530e-01 -7.989491088337691282e-01
3.763763763763763870e-01 -1.191947716418500391e+00
3.773773773773773654e-01 -1.324172780329563093e+00
3.783783783783783994e-01 -1.139986361634651502e+00
3.793793793793793778e-01 -3.871228524279133332e-01
3.803803803803803563e-01 2.142201341620678101e-01
3.813813813813813902e-01 9.738021302930962575e-01
3.823823823823823687e-01 1.156600510389871772e+00
3.833833833833834026e-01 1.221341847551880244e+00
3.843843843843843811e-01 9.401832910148242295e-01
3.853853853853853595e-01 8.548511105944480715e-01
3.863863863863863934e-01 3.929355392600862862e-01
3.873873873873873719e-01 4.604515465579938627e-01
3.883883883883884058e-01 5.296598499560634110e-02
3.893893893893893843e-01 2.001809794887546567e-01
3.903903903903903627e-01 -2.097739438336584661e-01
3.913913913913913967e-01 -2.768669151164112052e-01
3.923923923923923751e-01 -4.122610462177527246e-01
3.933933933933934091e-01 -4.147223097009556381e-01
3.943943943943943875e-01 -6.282567879608210726e-01
3.953953953953953659e-01 -9.079725742174290515e-01
3.963963963963963999e-01 -1.302527538002613117e+00
3.973973973973973783e-01 -1.267964718479957620e+00
3.983983983983984123e-01 -1.068658304774498191e+00
3.993993993993993907e-01 -3.393738016445130290e-01
4.004004004004003692e-01 3.822545810682577705e-01
4.014014014014014031e-01 8.786002455117634113e-01
4.024024024024023816e-01 1.481242574115815946e+00
4.034034034034034155e-01 1.076229810723775326e+00
4.044044044044043940e-01 1.086913895867397617e+00
4.054054054054054279e-01 6.331276770234027795e-01
4.064064064064064064e-01 5.995920190707730857e-01
4.074074074074073848e-01 3.005085373802298121e-01
4.084084084084084187e-01 2.149715091935338607e-01
4.094094094094093972e-01 2.594310812585888248e-01
4.104104104104104311e-01 -1.259153800819226565e-01
4.114114114114114096e-01 -3.289116433333690304e-01
4.124124124124123880e-01 -3.575164364030193331e-01
4.134134134134134220e-01 -1.894779543004819211e-01
4.144144144144144004e-01 -6.134613917526045013e-01
4.154154154154154344e-01 -9.184944432027580818e-01
4.164164164164164128e-01 -1.202363890469327012e+00
4.174174174174173912e-01 -1.259753247479401095e+00
4.184184184184184252e-01 -1.125663227736025673e+00
4.194194194194194036e-01 -6.408536827704099936e-01
4.204204204204204376e-01 2.593186293080402272e-01
4.214214214214214160e-01 1.186524664484656988e+00
4.224224224224223945e-01 1.303355032177117234e+00
4.234234234234234284e-01 1.181650804049879655e+00
4.244244244244244069e-01 9.813667444487449432e-01
4.254254254254254408e-01 5.912402639801352944e-01
4.264264264264264193e-01 2.340430310352130394e-01
4.274274274274273977e-01 3.147324578647309190e-01
4.284284284284284317e-01 3.537384388920077893e-01
4.294294294294294101e-01 3.056621959649817588e-02
4.304304304304304440e-01 -1.830805462664342187e-01
4.314314314314314225e-01 -1.357571971478671313e-01
4.324324324324324564e-01 -2.322019946099925236e-01
4.334334334334334349e-01 -5.676996502836019198e-01
4.344344344344344133e-01 -7.274802124309518447e-01
4.354354354354354473e-01 -9.309341565758834092e-01
4.364364364364364257e-01 -1.165714993126402588e+00
4.374374374374374597e-01 -1.410500835616843140e+00
4.384384384384384381e-01 -1.052113283518069542e+00
4.394394394394394165e-01 -4.935195561745858717e-01
4.404404404404404505e-01 2.878542351190468418e-01
4.414414414414414289e-01 1.084222089774021125e+00
4.424424424424424629e-01 1.239176082121658862e+00
4.434434434434434413e-01 1.228622398583964825e+00
4.444444444444444198e-01 9.911738842006189154e-01
4.454454454454454537e-01 6.549422380633603824e-01
4.464464464464464322e-01 3.893233489252509449e-01
4.474474474474474661e-01 2.837871559304149249e-01
4.484484484484484446e-01 2.671457106861284125e-01
4.494494494494494230e-01 1.462630396578471215e-01
4.504504504504504570e-01 2.119212468202873179e-02
4.514514514514514354e-01 -2.658911855856666007e-01
4.524524524524524693e-01 -3.898700991904451851e-01
4.534534534534534478e-01 -2.981090968794813389e-01
4.544544544544544262e-01 -7.574616092815009694e-01
4.554554554554554602e-01 -9.122633102354028578e-01
4.564564564564564386e-01 -1.337475480903961955e+00
4.574574574574574726e-01 -1.300003598963120677e+00
4.584584584584584510e-01 -9.115497491917815553e-01
4.594594594594594295e-01 -3.237893578703034958e-01
4.604604604604604634e-01 4.669610947684381674e-01
4.614614614614614418e-01 1.033022537292783261e+00
4.624624624624624758e-01 1.286634926644504073e+00
4.634634634634634542e-01 1.438767402440898291e+00
4.644644644644644327e-01 9.388450856047875215e-01
4.654654654654654666e-01 5.502856347385427505e-01
4.664664664664664451e-01 5.381244897631314306e-01
4.674674674674674790e-01 3.760369188747859082e-01
4.684684684684684575e-01 2.478976520237803349e-01
4.694694694694694914e-01 1.995752731069213581e-01
4.704704704704704699e-01 -2.543065750885541432e-01
4.714714714714714483e-01 -2.607223631084210069e-01
4.724724724724724823e-01 -3.545988123525563585e-01
4.734734734734734607e-01 -4.004653902977017843e-01
4.744744744744744946e-01 -6.113045230350778736e-01
4.754754754754754731e-01 -1.061155826606624553e+00
4.764764764764764515e-01 -1.138023260721029661e+00
4.774774774774774855e-01 -1.365698474397738060e+00
4.784784784784784639e-01 -1.017492642627930044e+00
4.794794794794794979e-01 -4.012587457695239168e-01
4.804804804804804763e-01 2.622800527149918293e-01
4.814814814814814548e-01 1.094358996194029876e+00
4.824824824824824887e-01 1.419229027724854708e+00
4.834834834834834671e-01 1.426246516253812491e+00
4.844844844844845011e-01 9.936374224144151057e-01
4.854854854854854795e-01 5.919321909953549898e-01
4.864864864864864580e-01 4.812436518625134996e-01
4.874874874874874919e-01 4.386441965475374460e-01
4.884884884884884704e-01 1.515666247997076443e-01
4.894894894894895043e-01 1.188924501967250913e-01
4.904904904904904828e-01 -1.506004552929891549e-01
4.914914914914914612e-01 -2.818606959410354107e-01
4.924924924924924952e-01 -1.678810827746906875e-01
4.934934934934934736e-01 -4.500589019828640236e-01
4.944944944944945076e-01 -5.845507336675076493e-01
4.954954954954954860e-01 -8.913009289109632416e-01
4.964964964964965199e-01 -1.404054252260480640e+00
4.974974974974974984e-01 -1.304386589068171620e+00
4.984984984984984768e-01 -1.068518044966514147e+00
4.994994994994995108e-01 -3.917105150845506256e-01
5.005005005005005447e-01 3.654267680101106475e-01
5.015015015015015232e-01 1.169165918433751061e+00
5.025025025025025016e-01 1.290227845652193839e+00
5.035035035035034801e-01 1.163557197806019516e+00
5.045045045045044585e-01 8.075957411043078737e-01
5.055055055055055480e-01 6.367633687574804080e-01
5.065065065065065264e-01 4.977580369443938002e-01
5.075075075075075048e-01 3.083896483837638147e-01
5.085085085085084833e-01 1.653573092063808925e-01
5.095095095095094617e-01 1.132739904920645052e-01
5.105105105105105512e-01 -2.589497494358473928e-02
5.115115115115115296e-01 -2.201758127166309753e-01
5.125125125125125081e-01 -2.546745780427575045e-01
5.135135135135134865e-01 -5.356548839106013427e-01
5.145145145145144649e-01 -6.943546301973085866e-01
5.155155155155155544e-01 -1.025717271679582154e+00
5.165165165165165329e-01 -1.129283876345102744e+00
5.175175175175175113e-01 -1.307421860615521902e+00
5.185185185185184897e-01 -1.179359922831125118e+00
5.195195195195194682e-01 -3.997586761970736702e-01
5.205205205205205576e-01 2.637966537028221814e-01
5.215215215215215361e-01 9.059169251891017183e-01
5.225225225225225145e-01 1.341221244880589136e+00
5.235235235235234930e-01 1.345897800722043680e+00
5.245245245245244714e-01 1.064252330194664919e+00
5.255255255255255609e-01 5.639324768351788864e-01
5.265265265265265393e-01 5.614510699574042363e-01
5.275275275275275177e-01 3.448249195042213944e-01
5.285285285285284962e-01 3.773915691572207187e-01
5.295295295295294746e-01 1.743389369306568570e-01
5.305305305305305641e-01 -8.137706407526908159e-02
5.315315315315315425e-01 -4.010372447454060296e-01
5.325325325325325210e-01 -4.363717632680258474e-01
5.335335335335334994e-01 -4.751087210423654006e-01
5.345345345345344779e-01 -6.073457241894267833e-01
5.355355355355355673e-01 -9.740995264495249106e-01
5.365365365365365458e-01 -1.199495302707761279e+00
5.375375375375375242e-01 -1.246670067441217444e+00
5.385385385385385026e-01 -1.076585364233561437e+00
5.395395395395394811e-01 -4.902950716203263726e-01
5.405405405405405705e-01 4.174736420529725489e-01
5.415415415415415490e-01 1.115892725902521532e+00
5.425425425425425274e-01 1.187032224580311102e+00
5.435435435435435059e-01 1.455976239356831625e+00
5.445445445445444843e-01 1.124344409376215825e+00
5.455455455455455738e-01 6.163884206174450320e-01
5.465465465465465522e-01 5.317785475256620042e-01
5.475475475475475307e-01 3.222456125222698531e-01
5.485485485485485091e-01 3.021953057052326752e-01
5.495495495495495986e-01 5.435366171718154782e-02
5.505505505505505770e-01 -1.042189072926705401e-01
5.515515515515515554e-01 -2.904143355635537271e-01
5.525525525525525339e-01 -3.697465245894503427e-01
5.535535535535535123e-01 -4.223332400023845357e-01
5.545545545545546018e-01 -5.576562695542581771e-01
5.555555555555555802e-01 -1.107415302817733149e+00
5.565565565565565587e-01 -1.201388668553354133e+00
5.575575575575575371e-01 -1.346714275306054365e+00
5.585585585585585155e-01 -9.906214308774691224e-01
5.595595595595596050e-01 -3.299762572566690144e-01
5.605605605605605835e-01 5.386832387583850856e-01
5.615615615615615619e-01 8.974808967130910586e-01
5.625625625625625403e-01 1.420277597397227476e+00
5.635635635635635188e-01 1.072218109635033834e+00
5.645645645645646082e-01 1.033202683207425476e+00
5.655655655655655867e-01 5.830466916195820026e-01
5.665665665665665651e-01 4.829873852487213681e-01
5.675675675675675436e-01 4.486825271660295211e-01
5.685685685685685220e-01 2.984931154169949696e-01
5.695695695695696115e-01 3.225514860000104622e-02
5.705705705705705899e-01 -5.515512026997493322e-02
5.715715715715715683e-01 -9.911158350036830544e-02
5.725725725725725468e-01 -4.418317625643665147e-01
5.735735735735735252e-01 -2.807731268275250880e-01
5.745745745745746147e-01 -7.471341550544009502e-01
5.755755755755755931e-01 -1.002966417040370706e+00
5.765765765765765716e-01 -1.413596766097361845e+00
5.775775775775775500e-01 -1.349109625093155795e+00
5.785785785785785285e-01 -9.896008141072923925e-01
5.795795795795796179e-01 -2.464642728890591994e-01
5.805805805805805964e-01 3.717957952484878259e-01
5.815815815815815748e-01 1.173853990293370009e+00
5.825825825825825532e-01 1.351781946432562664e+00
5.835835835835835317e-01 1.241861513199790101e+00
5.845845845845846211e-01 9.247720677742700124e-01
5.855855855855855996e-01 5.168288721963586463e-01
5.865865865865865780e-01 3.132990427643780329e-01
5.875875875875875565e-01 4.590078532849612425e-01
5.885885885885885349e-01 2.447141204943986681e-01
5.895895895895896244e-01 9.569385894218088162e-03
5.905905905905906028e-01 -1.974896360674123497e-02
5.915915915915915813e-01 -2.152779670823818103e-01
5.925925925925925597e-01 -2.377841310783993245e-01
5.935935935935935381e-01 -4.016836070139880865e-01
5.945945945945946276e-01 -8.052806838133010903e-01
5.955955955955956060e-01 -1.096871248866942983e+00
5.965965965965965845e-01 -1.284968874126003024e+00
5.975975975975975629e-01 -1.204843270808758193e+00
5.985985985985985414e-01 -9.662744256067121729e-01
5.995995995995996308e-01 -3.274671858166336991e-01
6.006006006006006093e-01 3.897622553158804903e-01
6.016016016016015877e-01 1.092218492537121888e+00
6.026026026026025662e-01 1.361288018868158423e+00
6.036036036036035446e-01 1.237593755782699478e+00
6.046046046046046341e-01 8.895292436403495762e-01
6.056056056056056125e-01 6.730946623397636719e-01
6.066066066066065909e-01 4.082760368655529160e-01
6.076076076076075694e-01 3.197010649049760733e-01
6.086086086086086588e-01 2.982599966780766221e-01
6.096096096096096373e-01 2.276981147219507284e-01
6.106106106106106157e-01 -3.155180888634420144e-01
6.116116116116115942e-01 -1.833443707209561624e-01
6.126126126126125726e-01 -4.862847271491953505e-01
6.136136136136136621e-01 -2.805504999272130373e-01
6.146146146146146405e-01 -6.170373408990473818e-01
6.156156156156156189e-01 -1.048871966035058723e+00
6.166166166166165974e-01 -1.344062164702711781e+00
6.176176176176175758e-01 -1.260960021148726407e+00
6.186186186186186653e-01 -1.014519138553008126e+00
6.196196196196196437e-01 -3.320922679311206771e-01
6.206206206206206222e-01 5.046081545514978783e-01
6.216216216216216006e-01 1.025966765303392148e+00
6.226226226226225791e-01 1.347668057582118495e+00
6.236236236236236685e-01 1.395662418785554859e+00
6.246246246246246470e-01 9.851799137058914191e-01
6.256256256256256254e-01 6.941571269978157321e-01
6.266266266266266038e-01 5.623122179297310730e-01
6.276276276276275823e-01 2.197358044490992368e-01
6.286286286286286717e-01 4.256722236207527432e-01
6.296296296296296502e-01 -8.082307625151277652e-02
6.306306306306306286e-01 9.502590490857903971e-02
6.316316316316316071e-01 -2.826496510006321627e-01
6.326326326326325855e-01 -2.956246419687845739e-01
6.336336336336336750e-01 -4.733027459704171602e-01
6.346346346346346534e-01 -8.879935596828241184e-01
6.356356356356356319e-01 -9.626686219380584664e-01
6.366366366366366103e-01 -1.266140178357659352e+00
6.376376376376375887e-01 -1.094156436750353123e+00
6.386386386386386782e-01 -9.341456319425891497e-01
6.396396396396396566e-01 -1.852326709714123831e-01
6.406406406406406351e-01 6.111568519048262704e-01
6.416416416416416135e-01 9.185118279343360559e-01
6.426426426426425920e-01 1.297709251550280607e+00
6.436436436436436814e-01 1.276816875783268301e+00
6.446446446446446599e-01 1.072396950966783447e+00
6.456456456456456383e-01 5.106853221345762917e-01
6.466466466466466168e-01 4.590874087504857037e-01
6.476476476476475952e-01 3.402639692943400518e-01
6.486486486486486847e-01 2.228947553616213717e-01
6.496496496496496631e-01 -2.643279117706253678e-01
6.506506506506506415e-01 -7.673243921023174818e-02
6.516516516516516200e-01 -2.028985083557505453e-01
6.526526526526525984e-01 -1.996834472386204151e-01
6.536536536536536879e-01 -5.927491420106393294e-01
6.546546546546546663e-01 -8.464140405109265020e-01
6.556556556556556448e-01 -1.185824476997572319e+00
6.566566566566566232e-01 -1.271925688000930421e+00
6.576576576576576016e-01 -1.362516549630809148e+00
6.586586586586586911e-01 -7.613411415415112238e-01
6.596596596596596696e-01 -3.624608038512709407e-01
6.606606606606606480e-01 5.295266112585083063e-01
6.616616616616616264e-01 1.156724138276187253e+00
6.626626626626626049e-01 1.288669185252199423e+00
6.636636636636636943e-01 1.178151823956861133e+00
6.646646646646646728e-01 9.118430461086338701e-01
6.656656656656656512e-01 6.727100531160914443e-01
6.666666666666666297e-01 4.666703738764890197e-01
6.676676676676676081e-01 2.361286011982889899e-01
6.686686686686686976e-01 2.359832930428523157e-01
6.696696696696696760e-01 -2.684843421303942379e-02
6.706706706706706544e-01 -9.728871397204634508e-02
6.716716716716716329e-01 -2.213404542207355052e-01
6.726726726726726113e-01 -5.300437945231722958e-01
6.736736736736737008e-01 -7.418872195690495719e-01
6.746746746746746792e-01 -7.867970633850862594e-01
6.756756756756756577e-01 -8.996223075664435687e-01
6.766766766766766361e-01 -1.443409445757872112e+00
6.776776776776777256e-01 -1.425571214237373763e+00
6.786786786786787040e-01 -7.819524154461148235e-01
6.796796796796796825e-01 -3.911103838467273608e-01
6.806806806806806609e-01 4.223068091028688853e-01
6.816816816816816393e-01 1.183973553986997995e+00
6.826826826826827288e-01 1.384320569577095927e+00
6.836836836836837072e-01 1.403481421274004326e+00
6.846846846846846857e-01 8.740235572993610980e-01
6.856856856856856641e-01 5.249512661589954554e-01
6.866866866866866426e-01 3.307206117915295618e-01
6.876876876876877320e-01 4.021520391040558917e-01
6.886886886886887105e-01 3.557367453432923599e-01
6.896896896896896889e-01 -3.115537800213938335e-04
6.906906906906906674e-01 -2.877021891090706385e-01
6.916916916916916458e-01 -3.061916590277415362e-01
6.926926926926927353e-01 -5.870107321628872388e-01
6.936936936936937137e-01 -5.531973912982490749e-01
6.946946946946946921e-01 -5.712218902726531322e-01
6.956956956956956706e-01 -1.039718524794730481e+00
6.966966966966966490e-01 -1.249307875074326502e+00
6.976976976976977385e-01 -1.263091271517050362e+00
6.986986986986987169e-01 -1.031033884654865673e+00
6.996996996996996954e-01 -1.294764584493000026e-01
7.007007007007006738e-01 4.797326417192562809e-01
7.017017017017016522e-01 1.068666987507620014e+00
7.027027027027027417e-01 1.146606639557741447e+00
7.037037037037037202e-01 1.216858049629462313e+00
7.047047047047046986e-01 9.016333111990570970e-01
7.057057057057056770e-01 6.639479912295475073e-01
7.067067067067066555e-01 5.142485176051796447e-01
7.077077077077077449e-01 2.461661147535326721e-01
7.087087087087087234e-01 8.413278336637317056e-02
7.097097097097097018e-01 -3.395155696991388611e-02
7.107107107107106803e-01 -2.101739762061398120e-01
7.117117117117116587e-01 -2.932388195613253035e-01
7.127127127127127482e-01 -2.544082620264196404e-01
7.137137137137137266e-01 -5.616913483630610049e-01
7.147147147147147050e-01 -8.671268008419226181e-01
7.157157157157156835e-01 -9.946051882845723391e-01
7.167167167167166619e-01 -1.366809070429531481e+00
7.177177177177177514e-01 -1.247980263249376165e+00
7.187187187187187298e-01 -1.069820036064277113e+00
7.197197197197197083e-01 -2.488955354419691568e-01
7.207207207207206867e-01 4.909115317992852057e-01
7.217217217217216652e-01 1.007332430202706464e+00
7.227227227227227546e-01 1.359653533359046484e+00
7.237237237237237331e-01 1.396020601496627433e+00
7.247247247247247115e-01 7.113520726353251833e-01
7.257257257257256899e-01 6.569569986650191096e-01
7.267267267267266684e-01 4.811646771690233360e-01
7.277277277277277578e-01 1.623082169466799896e-01
7.287287287287287363e-01 3.031243900938024316e-01
7.297297297297297147e-01 3.951985635358214177e-02
7.307307307307306932e-01 4.059488796806950961e-02
7.317317317317316716e-01 -1.242263881821175642e-01
7.327327327327327611e-01 -4.996562418608265776e-01
7.337337337337337395e-01 -4.595401153646569981e-01
7.347347347347347180e-01 -7.102796749000609422e-01
7.357357357357356964e-01 -8.849859475248962326e-01
7.367367367367367859e-01 -1.177108002038683265e+00
7.377377377377377643e-01 -1.450470036479960312e+00
7.387387387387387427e-01 -1.057048503055280753e+00
7.397397397397397212e-01 -7.652889521354086511e-02
7.407407407407406996e-01 6.290618766735908141e-01
7.417417417417417891e-01 1.176978401534421348e+00
7.427427427427427675e-01 1.295335040501857327e+00
7.437437437437437460e-01 1.359789191557029486e+00
7.447447447447447244e-01 1.002769782559659539e+00
7.457457457457457028e-01 7.160558660711539014e-01
7.467467467467467923e-01 5.610906977974560172e-01
7.477477477477477708e-01 2.717466950933619674e-01
7.487487487487487492e-01 3.855367918686677942e-01
7.497497497497497276e-01 2.381823671597303738e-02
7.507507507507507061e-01 -1.945577423778999393e-01
7.517517517517517955e-01 -2.977225346941533846e-01
7.527527527527527740e-01 -4.048017641435074365e-01
7.537537537537537524e-01 -5.127887716417370845e-01
7.547547547547547309e-01 -6.311730860404285437e-01
7.557557557557557093e-01 -8.948740942458013325e-01
7.567567567567567988e-01 -1.333621094899438697e+00
7.577577577577577772e-01 -1.395464117690050188e+00
7.587587587587587556e-01 -8.380056647712071927e-01
7.597597597597597341e-01 -2.621079399967732315e-01
7.607607607607607125e-01 5.747085970831334878e-01
7.617617617617618020e-01 1.220092827143940850e+00
7.627627627627627804e-01 1.335569441285746173e+00
7.637637637637637589e-01 1.308268143548729112e+00
7.647647647647647373e-01 9.122371460251760267e-01
7.657657657657657158e-01 5.061568922248733671e-01
7.667667667667668052e-01 3.851411786779081470e-01
7.677677677677677837e-01 3.056346258393740634e-01
7.687687687687687621e-01 3.558243289909330809e-01
7.697697697697697405e-01 4.587707637335386446e-02
7.707707707707707190e-01 -2.483694388704055789e-01
7.717717717717718084e-01 -1.675337300076539804e-01
7.727727727727727869e-01 -4.073281232502259930e-01
7.737737737737737653e-01 -6.285745165192667683e-01
7.747747747747747438e-01 -5.658322423949662117e-01
7.757757757757757222e-01 -1.033190336988893732e+00
7.767767767767768117e-01 -1.320697305063613936e+00
7.777777777777777901e-01 -1.248586217045984714e+00
7.787787787787787686e-01 -8.019781439457629446e-01
7.797797797797797470e-01 -2.699222225734547731e-01
7.807807807807807254e-01 5.474092925236205831e-01
7.817817817817818149e-01 1.060177717512338580e+00
7.827827827827827933e-01 1.429616691907600545e+00
7.837837837837837718e-01 1.256500993582675640e+00
7.847847847847847502e-01 9.513443027947855457e-01
7.857857857857857287e-01 6.522396073870330158e-01
7.867867867867868181e-01 3.861418527311595850e-01
7.877877877877877966e-01 1.087166742508781647e-01
7.887887887887887750e-01 2.632923258273503486e-01
7.897897897897897534e-01 -8.507478989179528828e-02
7.907907907907907319e-01 -1.152904065779934706e-01
7.917917917917918214e-01 -4.466747444987979598e-01
7.927927927927927998e-01 -3.237924688163378306e-01
7.937937937937937782e-01 -5.456009091055837867e-01
7.947947947947947567e-01 -6.931406299181224195e-01
7.957957957957957351e-01 -1.032029833767513560e+00
7.967967967967968246e-01 -1.384348743300820139e+00
7.977977977977978030e-01 -1.358609700587518843e+00
7.987987987987987815e-01 -6.555200570037365004e-01
7.997997997997997599e-01 -1.018956475796960470e-01
8.008008008008007383e-01 7.376768821201082904e-01
8.018018018018018278e-01 1.220652725123038351e+00
8.028028028028028062e-01 1.246671622254509781e+00
8.038038038038037847e-01 1.266256527141115473e+00
8.048048048048047631e-01 8.924812430008467468e-01
8.058058058058058526e-01 6.126637434359095691e-01
8.068068068068068310e-01 5.481187082396115073e-01
8.078078078078078095e-01 3.339422914239287832e-01
8.088088088088087879e-01 1.542263030404563973e-01
8.098098098098097664e-01 1.784006162211126956e-01
8.108108108108108558e-01 -3.392451555924158590e-02
8.118118118118118343e-01 -4.604859697627164405e-02
8.128128128128128127e-01 -5.050010355556809882e-01
8.138138138138137911e-01 -5.120491838253244943e-01
8.148148148148147696e-01 -6.350768048066952609e-01
8.158158158158158590e-01 -1.231558709608959523e+00
8.168168168168168375e-01 -1.363416010236311093e+00
8.178178178178178159e-01 -1.512981445878720521e+00
8.188188188188187944e-01 -8.607029177578128243e-01
8.198198198198197728e-01 6.227250585740881639e-02
8.208208208208208623e-01 5.424654518541065507e-01
8.218218218218218407e-01 1.184298381540468181e+00
8.228228228228228192e-01 1.313217456823744911e+00
8.238238238238237976e-01 1.171403691587764584e+00
8.248248248248247760e-01 7.574256343330663110e-01
8.258258258258258655e-01 5.652674512195426937e-01
8.268268268268268439e-01 4.175320332695935388e-01
8.278278278278278224e-01 3.996920217323178259e-01
8.288288288288288008e-01 2.955551289299733764e-01
8.298298298298297793e-01 -2.788359999180287790e-02
8.308308308308308687e-01 -3.968775861753830458e-01
8.318318318318318472e-01 -3.095539592159727849e-01
8.328328328328328256e-01 -3.912775652405340310e-01
8.338338338338338041e-01 -6.095744063344505914e-01
8.348348348348347825e-01 -5.494539177139474706e-01
8.358358358358358720e-01 -8.494705973988934122e-01
8.368368368368368504e-01 -1.426714749621929235e+00
8.378378378378378288e-01 -1.003875260365920230e+00
8.388388388388388073e-01 -8.602403156848593690e-01
8.398398398398397857e-01 -4.257610801105170262e-02
8.408408408408408752e-01 7.242234074975006930e-01
8.418418418418418536e-01 1.012278838957370919e+00
8.428428428428428321e-01 1.283210617270856169e+00
8.438438438438438105e-01 1.133703411398925054e+00
8.448448448448447889e-01 1.034119899700837397e+00
8.458458458458458784e-01 5.449580144273898918e-01
8.468468468468468568e-01 2.214138293484124720e-02
8.478478478478478353e-01 3.757698612957208750e-01
8.488488488488488137e-01 1.967596786928257901e-01
8.498498498498497922e-01 -8.375567445646933673e-02
8.508508508508508816e-01 -1.167458514311736500e-01
8.518518518518518601e-01 -1.916935870589876467e-01
8.528528528528528385e-01 -2.104822864810899918e-01
8.538538538538538170e-01 -6.562640380760313974e-01
8.548548548548547954e-01 -7.985613454547814127e-01
8.558558558558558849e-01 -1.137618271951501558e+00
8.568568568568568633e-01 -1.439204463529356159e+00
8.578578578578578417e-01 -1.378886666383338344e+00
8.588588588588588202e-01 -7.263775561532785918e-01
8.598598598598597986e-01 -1.076807908671011949e-01
8.608608608608608881e-01 6.731342238925435151e-01
8.618618618618618665e-01 1.091562905863640687e+00
8.628628628628628450e-01 1.440744730739337065e+00
8.638638638638638234e-01 1.341793588370664203e+00
8.648648648648649129e-01 8.041432894361175698e-01
8.658658658658658913e-01 4.285200861021788432e-01
8.668668668668668698e-01 4.229516541653703388e-01
8.678678678678678482e-01 2.529484013063031389e-01
8.688688688688688266e-01 2.061709676168610172e-01
8.698698698698699161e-01 -1.250699161693571426e-01
8.708708708708708945e-01 -1.276369920966722027e-01
8.718718718718718730e-01 -5.184366719552493397e-01
8.728728728728728514e-01 -1.543180431021071164e-01
8.738738738738738299e-01 -4.374801883913745915e-01
8.748748748748749193e-01 -7.924214402117880640e-01
8.758758758758758978e-01 -1.277835779986390863e+00
8.768768768768768762e-01 -1.450337532317087730e+00
8.778778778778778547e-01 -1.199977976794767809e+00
8.788788788788788331e-01 -8.704436375701415374e-01
8.798798798798799226e-01 4.504042211260325668e-02
8.808808808808809010e-01 7.736716623561545880e-01
8.818818818818818794e-01 1.100078731603018944e+00
8.828828828828828579e-01 1.350324526304792272e+00
8.838838838838838363e-01 1.144353946402172140e+00
8.848848848848849258e-01 9.338690285328643537e-01
8.858858858858859042e-01 5.048049854349048182e-01
8.868868868868868827e-01 3.226917080214829481e-01
8.878878878878878611e-01 2.040915489915851033e-01
8.888888888888888395e-01 2.455199616760790071e-01
8.898898898898899290e-01 4.789041674641635049e-02
8.908908908908909074e-01 -1.608609495125253308e-01
8.918918918918918859e-01 -3.941917783816484278e-01
8.928928928928928643e-01 -3.546409563945999710e-01
8.938938938938938428e-01 -5.306335676776789967e-01
8.948948948948949322e-01 -7.763870410891997587e-01
8.958958958958959107e-01 -1.114976662232073590e+00
8.968968968968968891e-01 -1.303749649426724888e+00
8.978978978978978676e-01 -1.232419728017263960e+00
8.988988988988988460e-01 -8.039608007901385411e-01
8.998998998998999355e-01 -3.896438019857708518e-02
9.009009009009009139e-01 7.212264238651439063e-01
9.019019019019018923e-01 1.255351147754799168e+00
9.029029029029028708e-01 1.297476572388556626e+00
9.039039039039038492e-01 9.263774871687509016e-01
9.049049049049049387e-01 8.073721952607607610e-01
9.059059059059059171e-01 4.950042294058384917e-01
9.069069069069068956e-01 4.733709214974105017e-01
9.079079079079078740e-01 4.079815378086593114e-01
9.089089089089088525e-01 6.424036416005418637e-02
9.099099099099099419e-01 -1.369399038119410023e-02
9.109109109109109204e-01 -5.464655473355543858e-02
9.119119119119118988e-01 -4.072569362799530190e-01
9.129129129129128772e-01 -4.117791669742092431e-01
9.139139139139138557e-01 -5.697527022450914469e-01
9.149149149149149451e-01 -7.063615098546818238e-01
9.159159159159159236e-01 -1.070348293768638603e+00
9.169169169169169020e-01 -1.435256575902943421e+00
9.179179179179178805e-01 -1.487471344818453112e+00
9.189189189189188589e-01 -7.439724357545964839e-01
9.199199199199199484e-01 -8.736486439405809212e-02
9.209209209209209268e-01 8.168293173049723244e-01
9.219219219219219053e-01 1.114888049373462531e+00
9.229229229229228837e-01 1.211458687089158159e+00
9.239239239239238621e-01 1.171288681500948226e+00
9.249249249249249516e-01 8.301019345762332691e-01
9.259259259259259300e-01 5.785825345590821511e-01
9.269269269269269085e-01 3.362274063187465356e-01
9.279279279279278869e-01 2.532689302910132723e-01
9.289289289289288654e-01 2.888917067249097137e-01
9.299299299299299548e-01 1.166775033114168525e-01
9.309309309309309333e-01 -1.172327131449626136e-01
9.319319319319319117e-01 -2.485471595573834902e-01
9.329329329329328901e-01 -4.278195166436261632e-01
9.339339339339339796e-01 -5.057604842833920422e-01
9.349349349349349581e-01 -7.045518389744483967e-01
9.359359359359359365e-01 -1.182117540433787362e+00
9.369369369369369149e-01 -1.387826226606776014e+00
9.379379379379378934e-01 -9.358988808007164817e-01
9.389389389389389828e-01 -7.401071056649155544e-01
9.399399399399399613e-01 1.713789974174607933e-02
9.409409409409409397e-01 6.688877028238223721e-01
9.419419419419419182e-01 1.195395519464784506e+00
9.429429429429428966e-01 1.478611348388147784e+00
9.439439439439439861e-01 1.073299942381943373e+00
9.449449449449449645e-01 5.797198467974910008e-01
9.459459459459459429e-01 5.854470565885667721e-01
9.469469469469469214e-01 4.721954527071366980e-01
9.479479479479478998e-01 2.704295955321742162e-01
9.489489489489489893e-01 1.601559906078322548e-01
9.499499499499499677e-01 -8.780613715736898528e-02
9.509509509509509462e-01 -2.825544948007956414e-01
9.519519519519519246e-01 -3.038725243633080275e-01
9.529529529529529031e-01 -6.214576418143165082e-01
9.539539539539539925e-01 -4.776282369379393766e-01
9.549549549549549710e-01 -6.608834292513596775e-01
9.559559559559559494e-01 -1.186867437531284208e+00
9.569569569569569278e-01 -1.293918560062427447e+00
9.579579579579579063e-01 -1.389129518090080451e+00
9.589589589589589957e-01 -7.998429136546563178e-01
9.599599599599599742e-01 -6.216500342105079485e-02
9.609609609609609526e-01 6.592956520077516425e-01
9.619619619619619311e-01 1.125214034822057618e+00
9.629629629629629095e-01 1.218262324243362116e+00
9.639639639639639990e-01 1.011845904377179473e+00
9.649649649649649774e-01 9.661695914278195518e-01
9.659659659659659559e-01 4.433485859802582252e-01
9.669669669669669343e-01 4.183411528065931195e-01
9.679679679679679127e-01 3.706471134189144312e-01
9.689689689689690022e-01 2.365801172568956223e-01
9.699699699699699806e-01 1.615562714731373639e-01
9.709709709709709591e-01 -4.734091266136977727e-02
9.719719719719719375e-01 -1.429332236961261549e-01
9.729729729729729160e-01 -3.969594342396102760e-01
9.739739739739740054e-01 -5.162074944260026665e-01
9.749749749749749839e-01 -6.348494007179925624e-01
9.759759759759759623e-01 -1.174988099923519824e+00
9.769769769769769407e-01 -1.263450338324609401e+00
9.779779779779779192e-01 -1.175599312142757924e+00
9.789789789789790087e-01 -7.633131489381062007e-01
9.799799799799799871e-01 9.172954203960952124e-02
9.809809809809809655e-01 9.786128738055359655e-01
9.819819819819819440e-01 1.240132904320532248e+00
9.829829829829829224e-01 1.332258247980503185e+00
9.839839839839840119e-01 1.037023954394863834e+00
9.849849849849849903e-01 7.489115001081488865e-01
9.859859859859859688e-01 5.235747713290468397e-01
9.869869869869869472e-01 2.438344358198455963e-01
9.879879879879879256e-01 2.847053206552016547e-01
9.889889889889890151e-01 1.892949735098154451e-01
9.899899899899899935e-01 1.262035721634824081e-01
9.909909909909909720e-01 -6.126321005415781562e-02
9.919919919919919504e-01 -3.909528294084470001e-01
9.929929929929930399e-01 -2.944110044286262218e-01
9.939939939939940183e-01 -4.941695751629762157e-01
9.949949949949949968e-01 -7.781003238102702779e-01
9.959959959959959752e-01 -1.012741352231444569e+00
9.969969969969969537e-01 -1.310511073087416767e+00
9.979979979979980431e-01 -1.534930782944745831e+00
9.989989989989990216e-01 -7.612299099922066326e-01
1.000000000000000000e+00 -5.161439337298945329e-02
